0.00615824 0.3 0.3 0.3 0.3 0.3 0.3 0.3 0.3 0.3 0.3 0.3 0.3 0.3 0.3 0.3 0.3 0.3 0.3 0.3 0.3 0.3 0.3 0.3 0.3 0.3 0.3 0.3 0.3 0.3 0.3 0.3 0.3 0.3 0.3 0.3 0.3 0.3 0.3 0.3 0.3 0.3 0.3 0.3 0.3 0.3 0.3 0.3 0.3 0.3 0.3 0.3 0.3 0.3 0.3 0.3 0.3 0.3 0.3 0.3 0.3 0.3 0.3 0.3 0.3 0.3 0.3 0.3 0.3 0.3 0.3 0.3 0.3 0.3 0.3 0.3 0.3 0.3 0.3
0.3 0.00615824 0.3 0.3 0.3 0.3 0.3 0.3 0.3 0.3 0.3 0.3 0.3 0.3 0.3 0.3 0.3 0.3 0.3 0.3 0.3 0.3 0.3 0.3 0.3 0.3 0.3 0.3 0.3 0.3 0.3 0.3 0.3 0.3 0.3 0.3 0.3 0.3 0.3 0.3 0.3 0.3 0.3 0.3 0.3 0.3 0.3 0.3 0.3 0.3 0.3 0.3 0.3 0.3 0.3 0.3 0.3 0.3 0.3 0.3 0.3 0.3 0.3 0.3 0.3 0.3 0.3 0.3 0.3 0.3 0.3 0.3 0.3 0.3 0.3 0.3 0.3 0.3 0.3
0.3 0.3 0.3 0.3 0.3 0.3 0.3 0.3 0.3 0.3 0.3 0.3 0.3 0.3 0.3 0.3 0.3 0.3 0.3 0.3 0.3 0.3 0.3 0.3 0.3 0.3 0.3 0.3 0.3 0.3 0.3 0.3 0.3 0.3 0.3 0.3 0.3 0.3 0.3 0.3 0.3 0.3 0.3 0.3 0.3 0.3 0.3 0.3 0.3 0.3 0.3 0.3 0.3 0.3 0.3 0.3 0.3 0.3 0.3 0.3 0.3 0.3 0.3 0.3 0.3 0.3 0.3 0.3 0.3 0.3 0.3 0.3 0.3 0.3 0.3 0.3 0.3 0.3 0.3
0.00615824 0.3 0.00615824 0.3 0.3 0.3 0.3 0.3 0.3 0.3 0.3 0.3 0.3 0.3 0.3 0.3 0.3 0.3 0.3 0.3 0.3 0.3 0.3 0.3 0.3 0.3 0.3 0.3 0.3 0.3 0.3 0.3 0.3 0.3 0.3 0.3 0.3 0.3 0.3 0.3 0.3 0.3 0.3 0.3 0.3 0.3 0.3 0.3 0.3 0.3 0.3 0.3 0.3 0.3 0.3 0.3 0.3 0.3 0.3 0.3 0.3 0.3 0.3 0.3 0.3 0.3 0.3 0.3 0.3 0.3 0.3 0.3 0.3 0.3 0.3 0.3 0.3 0.3 0.3
0.00615824 0.00615824 0.3 0.00615824 0.3 0.3 0.3 0.3 0.3 0.3 0.3 0.3 0.3 0.3 0.3 0.3 0.3 0.3 0.3 0.3 0.3 0.3 0.3 0.3 0.3 0.3 0.3 0.3 0.3 0.3 0.3 0.3 0.3 0.3 0.3 0.3 0.3 0.3 0.3 0.3 0.3 0.3 0.3 0.3 0.3 0.3 0.3 0.3 0.3 0.3 0.3 0.3 0.3 0.3 0.3 0.3 0.3 0.3 0.3 0.3 0.3 0.3 0.3 0.3 0.3 0.3 0.3 0.3 0.3 0.3 0.3 0.3 0.3 0.3 0.3 0.3 0.3 0.3 0.3
0.00615824 0.00615824 0.00615824 0.3 0.3 0.3 0.3 0.3 0.3 0.3 0.3 0.3 0.3 0.3 0.3 0.3 0.3 0.3 0.3 0.3 0.3 0.3 0.3 0.3 0.3 0.3 0.3 0.3 0.3 0.3 0.3 0.3 0.3 0.3 0.3 0.3 0.3 0.3 0.3 0.3 0.3 0.3 0.3 0.3 0.3 0.3 0.3 0.3 0.3 0.3 0.3 0.3 0.3 0.3 0.3 0.3 0.3 0.3 0.3 0.3 0.3 0.3 0.3 0.3 0.3 0.3 0.3 0.3 0.3 0.3 0.3 0.3 0.3 0.3 0.3 0.3 0.3 0.3 0.3
0.00615824 0.00615824 0.00615824 0.3 0.3 0.3 0.3 0.3 0.3 0.3 0.3 0.3 0.3 0.3 0.3 0.3 0.3 0.3 0.3 0.3 0.3 0.3 0.3 0.3 0.3 0.3 0.3 0.3 0.3 0.3 0.3 0.3 0.3 0.3 0.3 0.3 0.3 0.3 0.3 0.3 0.3 0.3 0.3 0.3 0.3 0.3 0.3 0.3 0.3 0.3 0.3 0.3 0.3 0.3 0.3 0.3 0.3 0.3 0.3 0.3 0.3 0.3 0.3 0.3 0.3 0.3 0.3 0.3 0.3 0.3 0.3 0.3 0.3 0.3 0.3 0.3 0.3 0.3 0.3
0.00615824 0.00615824 0.00615824 0.00615824 0.3 0.00615824 0.3 0.3 0.3 0.3 0.3 0.3 0.3 0.3 0.3 0.3 0.3 0.3 0.3 0.3 0.3 0.3 0.3 0.3 0.3 0.3 0.3 0.3 0.3 0.3 0.3 0.3 0.3 0.3 0.3 0.3 0.3 0.3 0.3 0.3 0.3 0.3 0.3 0.3 0.3 0.3 0.3 0.3 0.3 0.3 0.3 0.3 0.3 0.3 0.3 0.3 0.3 0.3 0.3 0.3 0.3 0.3 0.3 0.3 0.3 0.3 0.3 0.3 0.3 0.3 0.3 0.3 0.3 0.3 0.3 0.3 0.3 0.3 0.3
0.00615824 0.00615824 0.00615824 0.00615824 0.00615824 0.3 0.00615824 0.3 0.3 0.3 0.3 0.3 0.3 0.3 0.3 0.3 0.3 0.3 0.3 0.3 0.3 0.3 0.3 0.3 0.3 0.3 0.3 0.3 0.3 0.3 0.3 0.3 0.3 0.3 0.3 0.3 0.3 0.3 0.3 0.3 0.3 0.3 0.3 0.3 0.3 0.3 0.3 0.3 0.3 0.3 0.3 0.3 0.3 0.3 0.3 0.3 0.3 0.3 0.3 0.3 0.3 0.3 0.3 0.3 0.3 0.3 0.3 0.3 0.3 0.3 0.3 0.3 0.3 0.3 0.3 0.3 0.3 0.3 0.3
0.00615824 0.00615824 0.00615824 0.00615824 0.00615824 0.00615824 0.3 0.3 0.3 0.3 0.3 0.3 0.3 0.3 0.3 0.3 0.3 0.3 0.3 0.3 0.3 0.3 0.3 0.3 0.3 0.3 0.3 0.3 0.3 0.3 0.3 0.3 0.3 0.3 0.3 0.3 0.3 0.3 0.3 0.3 0.3 0.3 0.3 0.3 0.3 0.3 0.3 0.3 0.3 0.3 0.3 0.3 0.3 0.3 0.3 0.3 0.3 0.3 0.3 0.3 0.3 0.3 0.3 0.3 0.3 0.3 0.3 0.3 0.3 0.3 0.3 0.3 0.3 0.3 0.3 0.3 0.3 0.3 0.3
0.00615824 0.00615824 0.00615824 0.00615824 0.00615824 0.00615824 0.3 0.00615824 0.3 0.3 0.3 0.3 0.3 0.3 0.3 0.3 0.3 0.3 0.3 0.3 0.3 0.3 0.3 0.3 0.3 0.3 0.3 0.3 0.3 0.3 0.3 0.3 0.3 0.3 0.3 0.3 0.3 0.3 0.3 0.3 0.3 0.3 0.3 0.3 0.3 0.3 0.3 0.3 0.3 0.3 0.3 0.3 0.3 0.3 0.3 0.3 0.3 0.3 0.3 0.3 0.3 0.3 0.3 0.3 0.3 0.3 0.3 0.3 0.3 0.3 0.3 0.3 0.3 0.3 0.3 0.3 0.3 0.3 0.3
0.00615824 0.00615824 0.00615824 0.00615824 0.00615824 0.00615824 0.00615824 0.3 0.00615824 0.3 0.3 0.3 0.3 0.3 0.3 0.3 0.3 0.3 0.3 0.3 0.3 0.3 0.3 0.3 0.3 0.3 0.3 0.3 0.3 0.3 0.3 0.3 0.3 0.3 0.3 0.3 0.3 0.3 0.3 0.3 0.3 0.3 0.3 0.3 0.3 0.3 0.3 0.3 0.3 0.3 0.3 0.3 0.3 0.3 0.3 0.3 0.3 0.3 0.3 0.3 0.3 0.3 0.3 0.3 0.3 0.3 0.3 0.3 0.3 0.3 0.3 0.3 0.3 0.3 0.3 0.3 0.3 0.3 0.3
0.00615824 0.00615824 0.00615824 0.00615824 0.00615824 0.00615824 0.00615824 0.00615824 0.3 0.3 0.3 0.3 0.3 0.3 0.3 0.3 0.3 0.3 0.3 0.3 0.3 0.3 0.3 0.3 0.3 0.3 0.3 0.3 0.3 0.3 0.3 0.3 0.3 0.3 0.3 0.3 0.3 0.3 0.3 0.3 0.3 0.3 0.3 0.3 0.3 0.3 0.3 0.3 0.3 0.3 0.3 0.3 0.3 0.3 0.3 0.3 0.3 0.3 0.3 0.3 0.3 0.3 0.3 0.3 0.3 0.3 0.3 0.3 0.3 0.3 0.3 0.3 0.3 0.3 0.3 0.3 0.3 0.3 0.3
0.00615824 0.00615824 0.00615824 0.00615824 0.00615824 0.00615824 0.00615824 0.00615824 0.00615824 0.3 0.3 0.3 0.3 0.3 0.3 0.3 0.3 0.3 0.3 0.3 0.3 0.3 0.3 0.3 0.3 0.3 0.3 0.3 0.3 0.3 0.3 0.3 0.3 0.3 0.3 0.3 0.3 0.3 0.3 0.3 0.3 0.3 0.3 0.3 0.3 0.3 0.3 0.3 0.3 0.3 0.3 0.3 0.3 0.3 0.3 0.3 0.3 0.3 0.3 0.3 0.3 0.3 0.3 0.3 0.3 0.3 0.3 0.3 0.3 0.3 0.3 0.3 0.3 0.3 0.3 0.3 0.3 0.3 0.3
0.00615824 0.00615824 0.00615824 0.00615824 0.00615824 0.00615824 0.00615824 0.00615824 0.00615824 0.3 0.00615824 0.3 0.3 0.3 0.3 0.3 0.3 0.3 0.3 0.3 0.3 0.3 0.3 0.3 0.3 0.3 0.3 0.3 0.3 0.3 0.3 0.3 0.3 0.3 0.3 0.3 0.3 0.3 0.3 0.3 0.3 0.3 0.3 0.3 0.3 0.3 0.3 0.3 0.3 0.3 0.3 0.3 0.3 0.3 0.3 0.3 0.3 0.3 0.3 0.3 0.3 0.3 0.3 0.3 0.3 0.3 0.3 0.3 0.3 0.3 0.3 0.3 0.3 0.3 0.3 0.3 0.3 0.3 0.3
0.00615824 0.00615824 0.00615824 0.00615824 0.00615824 0.00615824 0.00615824 0.00615824 0.00615824 0.00615824 0.3 0.00615824 0.3 0.3 0.3 0.3 0.3 0.3 0.3 0.3 0.3 0.3 0.3 0.3 0.3 0.3 0.3 0.3 0.3 0.3 0.3 0.3 0.3 0.3 0.3 0.3 0.3 0.3 0.3 0.3 0.3 0.3 0.3 0.3 0.3 0.3 0.3 0.3 0.3 0.3 0.3 0.3 0.3 0.3 0.3 0.3 0.3 0.3 0.3 0.3 0.3 0.3 0.3 0.3 0.3 0.3 0.3 0.3 0.3 0.3 0.3 0.3 0.3 0.3 0.3 0.3 0.3 0.3 0.3
0.00615824 0.00615824 0.00615824 0.00615824 0.00615824 0.00615824 0.00615824 0.00615824 0.00615824 0.00615824 0.00615824 0.3 0.3 0.3 0.3 0.3 0.3 0.3 0.3 0.3 0.3 0.3 0.3 0.3 0.3 0.3 0.3 0.3 0.3 0.3 0.3 0.3 0.3 0.3 0.3 0.3 0.3 0.3 0.3 0.3 0.3 0.3 0.3 0.3 0.3 0.3 0.3 0.3 0.3 0.3 0.3 0.3 0.3 0.3 0.3 0.3 0.3 0.3 0.3 0.3 0.3 0.3 0.3 0.3 0.3 0.3 0.3 0.3 0.3 0.3 0.3 0.3 0.3 0.3 0.3 0.3 0.3 0.3 0.3
0.00615824 0.00615824 0.00615824 0.00615824 0.00615824 0.00615824 0.00615824 0.00615824 0.00615824 0.00615824 0.00615824 0.00615824 0.3 0.3 0.3 0.3 0.3 0.3 0.3 0.3 0.3 0.3 0.3 0.3 0.3 0.3 0.3 0.3 0.3 0.3 0.3 0.3 0.3 0.3 0.3 0.3 0.3 0.3 0.3 0.3 0.3 0.3 0.3 0.3 0.3 0.3 0.3 0.3 0.3 0.3 0.3 0.3 0.3 0.3 0.3 0.3 0.3 0.3 0.3 0.3 0.3 0.3 0.3 0.3 0.3 0.3 0.3 0.3 0.3 0.3 0.3 0.3 0.3 0.3 0.3 0.3 0.3 0.3 0.3
0.00615824 0.00615824 0.00615824 0.00615824 0.00615824 0.00615824 0.00615824 0.00615824 0.00615824 0.00615824 0.00615824 0.00615824 0.3 0.00615824 0.3 0.3 0.3 0.3 0.3 0.3 0.3 0.3 0.3 0.3 0.3 0.3 0.3 0.3 0.3 0.3 0.3 0.3 0.3 0.3 0.3 0.3 0.3 0.3 0.3 0.3 0.3 0.3 0.3 0.3 0.3 0.3 0.3 0.3 0.3 0.3 0.3 0.3 0.3 0.3 0.3 0.3 0.3 0.3 0.3 0.3 0.3 0.3 0.3 0.3 0.3 0.3 0.3 0.3 0.3 0.3 0.3 0.3 0.3 0.3 0.3 0.3 0.3 0.3 0.3
0.00615824 0.00615824 0.00615824 0.00615824 0.00615824 0.00615824 0.00615824 0.00615824 0.00615824 0.00615824 0.00615824 0.00615824 0.00615824 0.3 0.3 0.3 0.3 0.3 0.3 0.3 0.3 0.3 0.3 0.3 0.3 0.3 0.3 0.3 0.3 0.3 0.3 0.3 0.3 0.3 0.3 0.3 0.3 0.3 0.3 0.3 0.3 0.3 0.3 0.3 0.3 0.3 0.3 0.3 0.3 0.3 0.3 0.3 0.3 0.3 0.3 0.3 0.3 0.3 0.3 0.3 0.3 0.3 0.3 0.3 0.3 0.3 0.3 0.3 0.3 0.3 0.3 0.3 0.3 0.3 0.3 0.3 0.3 0.3 0.3
0.00615824 0.00615824 0.00615824 0.00615824 0.00615824 0.00615824 0.00615824 0.00615824 0.00615824 0.00615824 0.00615824 0.00615824 0.00615824 0.00615824 0.3 0.3 0.3 0.3 0.3 0.3 0.3 0.3 0.3 0.3 0.3 0.3 0.3 0.3 0.3 0.3 0.3 0.3 0.3 0.3 0.3 0.3 0.3 0.3 0.3 0.3 0.3 0.3 0.3 0.3 0.3 0.3 0.3 0.3 0.3 0.3 0.3 0.3 0.3 0.3 0.3 0.3 0.3 0.3 0.3 0.3 0.3 0.3 0.3 0.3 0.3 0.3 0.3 0.3 0.3 0.3 0.3 0.3 0.3 0.3 0.3 0.3 0.3 0.3 0.3
0.00615824 0.00615824 0.00615824 0.00615824 0.00615824 0.00615824 0.00615824 0.00615824 0.00615824 0.00615824 0.00615824 0.00615824 0.00615824 0.00615824 0.00615824 0.00615824 0.3 0.3 0.3 0.3 0.3 0.3 0.3 0.3 0.3 0.3 0.3 0.3 0.3 0.3 0.3 0.3 0.3 0.3 0.3 0.3 0.3 0.3 0.3 0.3 0.3 0.3 0.3 0.3 0.3 0.3 0.3 0.3 0.3 0.3 0.3 0.3 0.3 0.3 0.3 0.3 0.3 0.3 0.3 0.3 0.3 0.3 0.3 0.3 0.3 0.3 0.3 0.3 0.3 0.3 0.3 0.3 0.3 0.3 0.3 0.3 0.3 0.3 0.3
0.00615824 0.00615824 0.00615824 0.00615824 0.00615824 0.00615824 0.00615824 0.00615824 0.00615824 0.00615824 0.00615824 0.00615824 0.00615824 0.00615824 0.00615824 0.3 0.00615824 0.3 0.3 0.3 0.3 0.3 0.3 0.3 0.3 0.3 0.3 0.3 0.3 0.3 0.3 0.3 0.3 0.3 0.3 0.3 0.3 0.3 0.3 0.3 0.3 0.3 0.3 0.3 0.3 0.3 0.3 0.3 0.3 0.3 0.3 0.3 0.3 0.3 0.3 0.3 0.3 0.3 0.3 0.3 0.3 0.3 0.3 0.3 0.3 0.3 0.3 0.3 0.3 0.3 0.3 0.3 0.3 0.3 0.3 0.3 0.3 0.3 0.3
0.00615824 0.00615824 0.00615824 0.00615824 0.00615824 0.00615824 0.00615824 0.00615824 0.00615824 0.00615824 0.00615824 0.00615824 0.00615824 0.00615824 0.00615824 0.00615824 0.3 0.3 0.3 0.3 0.3 0.3 0.3 0.3 0.3 0.3 0.3 0.3 0.3 0.3 0.3 0.3 0.3 0.3 0.3 0.3 0.3 0.3 0.3 0.3 0.3 0.3 0.3 0.3 0.3 0.3 0.3 0.3 0.3 0.3 0.3 0.3 0.3 0.3 0.3 0.3 0.3 0.3 0.3 0.3 0.3 0.3 0.3 0.3 0.3 0.3 0.3 0.3 0.3 0.3 0.3 0.3 0.3 0.3 0.3 0.3 0.3 0.3 0.3
0.00615824 0.00615824 0.00615824 0.00615824 0.00615824 0.00615824 0.00615824 0.00615824 0.00615824 0.00615824 0.00615824 0.00615824 0.00615824 0.00615824 0.00615824 0.00615824 0.00615824 0.3 0.3 0.3 0.3 0.3 0.3 0.3 0.3 0.3 0.3 0.3 0.3 0.3 0.3 0.3 0.3 0.3 0.3 0.3 0.3 0.3 0.3 0.3 0.3 0.3 0.3 0.3 0.3 0.3 0.3 0.3 0.3 0.3 0.3 0.3 0.3 0.3 0.3 0.3 0.3 0.3 0.3 0.3 0.3 0.3 0.3 0.3 0.3 0.3 0.3 0.3 0.3 0.3 0.3 0.3 0.3 0.3 0.3 0.3 0.3 0.3 0.3
0.00615824 0.00615824 0.00615824 0.00615824 0.00615824 0.00615824 0.00615824 0.00615824 0.00615824 0.00615824 0.00615824 0.00615824 0.00615824 0.00615824 0.00615824 0.00615824 0.00615824 0.00615824 0.00615824 0.3 0.3 0.3 0.3 0.3 0.3 0.3 0.3 0.3 0.3 0.3 0.3 0.3 0.3 0.3 0.3 0.3 0.3 0.3 0.3 0.3 0.3 0.3 0.3 0.3 0.3 0.3 0.3 0.3 0.3 0.3 0.3 0.3 0.3 0.3 0.3 0.3 0.3 0.3 0.3 0.3 0.3 0.3 0.3 0.3 0.3 0.3 0.3 0.3 0.3 0.3 0.3 0.3 0.3 0.3 0.3 0.3 0.3 0.3 0.3
0.00615824 0.00615824 0.00615824 0.00615824 0.00615824 0.00615824 0.00615824 0.00615824 0.00615824 0.00615824 0.00615824 0.00615824 0.00615824 0.00615824 0.00615824 0.00615824 0.00615824 0.00615824 0.3 0.3 0.3 0.3 0.3 0.3 0.3 0.3 0.3 0.3 0.3 0.3 0.3 0.3 0.3 0.3 0.3 0.3 0.3 0.3 0.3 0.3 0.3 0.3 0.3 0.3 0.3 0.3 0.3 0.3 0.3 0.3 0.3 0.3 0.3 0.3 0.3 0.3 0.3 0.3 0.3 0.3 0.3 0.3 0.3 0.3 0.3 0.3 0.3 0.3 0.3 0.3 0.3 0.3 0.3 0.3 0.3 0.3 0.3 0.3 0.3
0.00615824 0.00615824 0.00615824 0.00615824 0.00615824 0.00615824 0.00615824 0.00615824 0.00615824 0.00615824 0.00615824 0.00615824 0.00615824 0.00615824 0.00615824 0.00615824 0.00615824 0.00615824 0.00615824 0.3 0.3 0.3 0.3 0.3 0.3 0.3 0.3 0.3 0.3 0.3 0.3 0.3 0.3 0.3 0.3 0.3 0.3 0.3 0.3 0.3 0.3 0.3 0.3 0.3 0.3 0.3 0.3 0.3 0.3 0.3 0.3 0.3 0.3 0.3 0.3 0.3 0.3 0.3 0.3 0.3 0.3 0.3 0.3 0.3 0.3 0.3 0.3 0.3 0.3 0.3 0.3 0.3 0.3 0.3 0.3 0.3 0.3 0.3 0.3
0.00615824 0.00615824 0.00615824 0.00615824 0.00615824 0.00615824 0.00615824 0.00615824 0.00615824 0.00615824 0.00615824 0.00615824 0.00615824 0.00615824 0.00615824 0.00615824 0.00615824 0.00615824 0.00615824 0.00615824 0.3 0.3 0.3 0.3 0.3 0.3 0.3 0.3 0.3 0.3 0.3 0.3 0.3 0.3 0.3 0.3 0.3 0.3 0.3 0.3 0.3 0.3 0.3 0.3 0.3 0.3 0.3 0.3 0.3 0.3 0.3 0.3 0.3 0.3 0.3 0.3 0.3 0.3 0.3 0.3 0.3 0.3 0.3 0.3 0.3 0.3 0.3 0.3 0.3 0.3 0.3 0.3 0.3 0.3 0.3 0.3 0.3 0.3 0.3
0.00615824 0.00615824 0.00615824 0.00615824 0.00615824 0.00615824 0.00615824 0.00615824 0.00615824 0.00615824 0.00615824 0.00615824 0.00615824 0.00615824 0.00615824 0.00615824 0.00615824 0.00615824 0.00615824 0.00615824 0.00615824 0.00615824 0.3 0.3 0.3 0.3 0.3 0.3 0.3 0.3 0.3 0.3 0.3 0.3 0.3 0.3 0.3 0.3 0.3 0.3 0.3 0.3 0.3 0.3 0.3 0.3 0.3 0.3 0.3 0.3 0.3 0.3 0.3 0.3 0.3 0.3 0.3 0.3 0.3 0.3 0.3 0.3 0.3 0.3 0.3 0.3 0.3 0.3 0.3 0.3 0.3 0.3 0.3 0.3 0.3 0.3 0.3 0.3 0.3
0.00615824 0.00615824 0.00615824 0.00615824 0.00615824 0.00615824 0.00615824 0.00615824 0.00615824 0.00615824 0.00615824 0.00615824 0.00615824 0.00615824 0.00615824 0.00615824 0.00615824 0.00615824 0.00615824 0.00615824 0.00615824 0.3 0.3 0.3 0.3 0.3 0.3 0.3 0.3 0.3 0.3 0.3 0.3 0.3 0.3 0.3 0.3 0.3 0.3 0.3 0.3 0.3 0.3 0.3 0.3 0.3 0.3 0.3 0.3 0.3 0.3 0.3 0.3 0.3 0.3 0.3 0.3 0.3 0.3 0.3 0.3 0.3 0.3 0.3 0.3 0.3 0.3 0.3 0.3 0.3 0.3 0.3 0.3 0.3 0.3 0.3 0.3 0.3 0.3
0.00615824 0.00615824 0.00615824 0.00615824 0.00615824 0.00615824 0.00615824 0.00615824 0.00615824 0.00615824 0.00615824 0.00615824 0.00615824 0.00615824 0.00615824 0.00615824 0.00615824 0.00615824 0.00615824 0.00615824 0.00615824 0.00615824 0.3 0.3 0.3 0.3 0.3 0.3 0.3 0.3 0.3 0.3 0.3 0.3 0.3 0.3 0.3 0.3 0.3 0.3 0.3 0.3 0.3 0.3 0.3 0.3 0.3 0.3 0.3 0.3 0.3 0.3 0.3 0.3 0.3 0.3 0.3 0.3 0.3 0.3 0.3 0.3 0.3 0.3 0.3 0.3 0.3 0.3 0.3 0.3 0.3 0.3 0.3 0.3 0.3 0.3 0.3 0.3 0.3
0.00615824 0.00615824 0.00615824 0.00615824 0.00615824 0.00615824 0.00615824 0.00615824 0.00615824 0.00615824 0.00615824 0.00615824 0.00615824 0.00615824 0.00615824 0.00615824 0.00615824 0.00615824 0.00615824 0.00615824 0.00615824 0.00615824 0.00615824 0.00615824 0.3 0.3 0.3 0.3 0.3 0.3 0.3 0.3 0.3 0.3 0.3 0.3 0.3 0.3 0.3 0.3 0.3 0.3 0.3 0.3 0.3 0.3 0.3 0.3 0.3 0.3 0.3 0.3 0.3 0.3 0.3 0.3 0.3 0.3 0.3 0.3 0.3 0.3 0.3 0.3 0.3 0.3 0.3 0.3 0.3 0.3 0.3 0.3 0.3 0.3 0.3 0.3 0.3 0.3 0.3
0.00615824 0.00615824 0.00615824 0.00615824 0.00615824 0.00615824 0.00615824 0.00615824 0.00615824 0.00615824 0.00615824 0.00615824 0.00615824 0.00615824 0.00615824 0.00615824 0.00615824 0.00615824 0.00615824 0.00615824 0.00615824 0.00615824 0.00615824 0.00615824 0.3 0.3 0.3 0.3 0.3 0.3 0.3 0.3 0.3 0.3 0.3 0.3 0.3 0.3 0.3 0.3 0.3 0.3 0.3 0.3 0.3 0.3 0.3 0.3 0.3 0.3 0.3 0.3 0.3 0.3 0.3 0.3 0.3 0.3 0.3 0.3 0.3 0.3 0.3 0.3 0.3 0.3 0.3 0.3 0.3 0.3 0.3 0.3 0.3 0.3 0.3 0.3 0.3 0.3 0.3
0.00615824 0.00615824 0.00615824 0.00615824 0.00615824 0.00615824 0.00615824 0.00615824 0.00615824 0.00615824 0.00615824 0.00615824 0.00615824 0.00615824 0.00615824 0.00615824 0.00615824 0.00615824 0.00615824 0.00615824 0.00615824 0.00615824 0.00615824 0.00615824 0.3 0.3 0.3 0.3 0.3 0.3 0.3 0.3 0.3 0.3 0.3 0.3 0.3 0.3 0.3 0.3 0.3 0.3 0.3 0.3 0.3 0.3 0.3 0.3 0.3 0.3 0.3 0.3 0.3 0.3 0.3 0.3 0.3 0.3 0.3 0.3 0.3 0.3 0.3 0.3 0.3 0.3 0.3 0.3 0.3 0.3 0.3 0.3 0.3 0.3 0.3 0.3 0.3 0.3 0.3
0.00615824 0.00615824 0.00615824 0.00615824 0.00615824 0.00615824 0.00615824 0.00615824 0.00615824 0.00615824 0.00615824 0.00615824 0.00615824 0.00615824 0.00615824 0.00615824 0.00615824 0.00615824 0.00615824 0.00615824 0.00615824 0.00615824 0.00615824 0.00615824 0.00615824 0.3 0.3 0.3 0.3 0.3 0.3 0.3 0.3 0.3 0.3 0.3 0.3 0.3 0.3 0.3 0.3 0.3 0.3 0.3 0.3 0.3 0.3 0.3 0.3 0.3 0.3 0.3 0.3 0.3 0.3 0.3 0.3 0.3 0.3 0.3 0.3 0.3 0.3 0.3 0.3 0.3 0.3 0.3 0.3 0.3 0.3 0.3 0.3 0.3 0.3 0.3 0.3 0.3 0.3
0.00615824 0.00615824 0.00615824 0.00615824 0.00615824 0.00615824 0.00615824 0.00615824 0.00615824 0.00615824 0.00615824 0.00615824 0.00615824 0.00615824 0.00615824 0.00615824 0.00615824 0.00615824 0.00615824 0.00615824 0.00615824 0.00615824 0.00615824 0.00615824 0.00615824 0.00615824 0.00615824 0.3 0.3 0.3 0.3 0.3 0.3 0.3 0.3 0.3 0.3 0.3 0.3 0.3 0.3 0.3 0.3 0.3 0.3 0.3 0.3 0.3 0.3 0.3 0.3 0.3 0.3 0.3 0.3 0.3 0.3 0.3 0.3 0.3 0.3 0.3 0.3 0.3 0.3 0.3 0.3 0.3 0.3 0.3 0.3 0.3 0.3 0.3 0.3 0.3 0.3 0.3 0.3
0.00615824 0.00615824 0.00615824 0.00615824 0.00615824 0.00615824 0.00615824 0.00615824 0.00615824 0.00615824 0.00615824 0.00615824 0.00615824 0.00615824 0.00615824 0.00615824 0.00615824 0.00615824 0.00615824 0.00615824 0.00615824 0.00615824 0.00615824 0.00615824 0.00615824 0.00615824 0.00615824 0.3 0.3 0.3 0.3 0.3 0.3 0.3 0.3 0.3 0.3 0.3 0.3 0.3 0.3 0.3 0.3 0.3 0.3 0.3 0.3 0.3 0.3 0.3 0.3 0.3 0.3 0.3 0.3 0.3 0.3 0.3 0.3 0.3 0.3 0.3 0.3 0.3 0.3 0.3 0.3 0.3 0.3 0.3 0.3 0.3 0.3 0.3 0.3 0.3 0.3 0.3 0.00615824
0.00615824 0.00615824 0.00615824 0.00615824 0.00615824 0.00615824 0.00615824 0.00615824 0.00615824 0.00615824 0.00615824 0.00615824 0.00615824 0.00615824 0.00615824 0.00615824 0.00615824 0.00615824 0.00615824 0.00615824 0.00615824 0.00615824 0.00615824 0.00615824 0.00615824 0.00615824 0.00615824 0.3 0.3 0.3 0.3 0.3 0.3 0.3 0.3 0.3 0.3 0.3 0.3 0.3 0.3 0.3 0.3 0.3 0.3 0.3 0.3 0.3 0.3 0.3 0.3 0.3 0.3 0.3 0.3 0.3 0.3 0.3 0.3 0.3 0.3 0.3 0.3 0.3 0.3 0.3 0.3 0.3 0.3 0.3 0.3 0.3 0.3 0.3 0.3 0.3 0.00615824 0.00615824 0.00615824
0.00615824 0.00615824 0.00615824 0.00615824 0.00615824 0.00615824 0.00615824 0.00615824 0.00615824 0.00615824 0.00615824 0.00615824 0.00615824 0.00615824 0.00615824 0.00615824 0.00615824 0.00615824 0.00615824 0.00615824 0.00615824 0.00615824 0.00615824 0.00615824 0.00615824 0.00615824 0.00615824 0.00615824 0.00615824 0.3 0.3 0.3 0.3 0.3 0.3 0.3 0.3 0.3 0.3 0.3 0.3 0.3 0.3 0.3 0.3 0.3 0.3 0.3 0.3 0.3 0.3 0.3 0.3 0.3 0.3 0.3 0.3 0.3 0.3 0.3 0.3 0.3 0.3 0.3 0.3 0.3 0.3 0.3 0.3 0.3 0.3 0.3 0.3 0.3 0.00615824 0.00615824 0.00615824 0.00615824 0.00615824
0.00615824 0.00615824 0.00615824 0.00615824 0.00615824 0.00615824 0.00615824 0.00615824 0.00615824 0.00615824 0.00615824 0.00615824 0.00615824 0.00615824 0.00615824 0.00615824 0.00615824 0.00615824 0.00615824 0.00615824 0.00615824 0.00615824 0.00615824 0.00615824 0.00615824 0.00615824 0.00615824 0.00615824 0.00615824 0.3 0.3 0.3 0.3 0.3 0.3 0.3 0.3 0.3 0.3 0.3 0.3 0.3 0.3 0.3 0.3 0.3 0.3 0.3 0.3 0.3 0.3 0.3 0.3 0.3 0.3 0.3 0.3 0.3 0.3 0.3 0.3 0.3 0.3 0.3 0.3 0.3 0.3 0.3 0.3 0.3 0.3 0.3 0.032635 0.00615824 0.00615824 0.00615824 0.00615824 0.00615824 0.00615824
0.00615824 0.00615824 0.00615824 0.00615824 0.00615824 0.00615824 0.00615824 0.00615824 0.00615824 0.00615824 0.00615824 0.00615824 0.00615824 0.00615824 0.00615824 0.00615824 0.00615824 0.00615824 0.00615824 0.00615824 0.00615824 0.00615824 0.00615824 0.00615824 0.00615824 0.00615824 0.00615824 0.00615824 0.00615824 0.00615824 0.3 0.3 0.3 0.3 0.3 0.3 0.3 0.3 0.3 0.3 0.3 0.3 0.3 0.3 0.3 0.3 0.3 0.3 0.3 0.3 0.3 0.3 0.3 0.3 0.3 0.3 0.3 0.3 0.3 0.3 0.3 0.3 0.3 0.3 0.3 0.3 0.3 0.3 0.3 0.3 0.3 0.00615824 0.00615824 0.00615824 0.00615824 0.00615824 0.00615824 0.00615824 0.00615824
0.00615824 0.00615824 0.00615824 0.00615824 0.00615824 0.00615824 0.00615824 0.00615824 0.00615824 0.00615824 0.00615824 0.00615824 0.00615824 0.00615824 0.00615824 0.00615824 0.00615824 0.00615824 0.00615824 0.00615824 0.00615824 0.00615824 0.00615824 0.00615824 0.00615824 0.00615824 0.00615824 0.00615824 0.00615824 0.00615824 0.3 0.3 0.3 0.3 0.3 0.3 0.3 0.3 0.3 0.3 0.3 0.3 0.3 0.3 0.3 0.3 0.3 0.3 0.3 0.3 0.3 0.3 0.3 0.3 0.3 0.3 0.3 0.3 0.3 0.3 0.3 0.3 0.3 0.3 0.3 0.3 0.3 0.3 0.3 0.00615824 0.00615824 0.00615824 0.00615824 0.00615824 0.00615824 0.00615824 0.00615824 0.00615824 0.00615824
0.00615824 0.00615824 0.00615824 0.00615824 0.00615824 0.00615824 0.00615824 0.00615824 0.00615824 0.00615824 0.00615824 0.00615824 0.00615824 0.00615824 0.00615824 0.00615824 0.00615824 0.00615824 0.00615824 0.00615824 0.00615824 0.00615824 0.00615824 0.00615824 0.00615824 0.00615824 0.00615824 0.00615824 0.00615824 0.00615824 0.00615824 0.00615824 0.3 0.3 0.3 0.3 0.3 0.3 0.3 0.3 0.3 0.3 0.3 0.3 0.3 0.3 0.3 0.3 0.3 0.3 0.3 0.3 0.3 0.3 0.3 0.3 0.3 0.3 0.3 0.3 0.3 0.3 0.3 0.3 0.3 0.3 0.3 0.00615824 0.00615824 0.00615824 0.00615824 0.00615824 0.00615824 0.00615824 0.00615824 0.00615824 0.00615824 0.00615824 0.00615824
0.00615824 0.00615824 0.00615824 0.00615824 0.00615824 0.00615824 0.00615824 0.00615824 0.00615824 0.00615824 0.00615824 0.00615824 0.00615824 0.00615824 0.00615824 0.00615824 0.00615824 0.00615824 0.00615824 0.00615824 0.00615824 0.00615824 0.00615824 0.00615824 0.00615824 0.00615824 0.00615824 0.00615824 0.00615824 0.00615824 0.00615824 0.00615824 0.3 0.3 0.3 0.3 0.3 0.3 0.3 0.3 0.3 0.3 0.3 0.3 0.3 0.3 0.3 0.3 0.3 0.3 0.3 0.3 0.3 0.3 0.3 0.3 0.3 0.3 0.3 0.3 0.3 0.3 0.3 0.3 0.3 0.00615824 0.00615824 0.00615824 0.00615824 0.00615824 0.00615824 0.00615824 0.00615824 0.00615824 0.00615824 0.00615824 0.00615824 0.00615824 0.00615824
0.00615824 0.00615824 0.00615824 0.00615824 0.00615824 0.00615824 0.00615824 0.00615824 0.00615824 0.00615824 0.00615824 0.00615824 0.00615824 0.00615824 0.00615824 0.00615824 0.00615824 0.00615824 0.00615824 0.00615824 0.00615824 0.00615824 0.00615824 0.00615824 0.00615824 0.00615824 0.00615824 0.00615824 0.00615824 0.00615824 0.00615824 0.00615824 0.00615824 0.3 0.3 0.3 0.3 0.3 0.3 0.3 0.3 0.3 0.3 0.3 0.3 0.3 0.3 0.3 0.3 0.3 0.3 0.3 0.3 0.3 0.3 0.3 0.3 0.3 0.3 0.3 0.3 0.3 0.3 0.00615824 0.00615824 0.00615824 0.00615824 0.00615824 0.00615824 0.00615824 0.00615824 0.00615824 0.00615824 0.00615824 0.00615824 0.00615824 0.00615824 0.00615824 0.00615824
0.00615824 0.00615824 0.00615824 0.00615824 0.00615824 0.00615824 0.00615824 0.00615824 0.00615824 0.00615824 0.00615824 0.00615824 0.00615824 0.00615824 0.00615824 0.00615824 0.00615824 0.00615824 0.00615824 0.00615824 0.00615824 0.00615824 0.00615824 0.00615824 0.00615824 0.00615824 0.00615824 0.00615824 0.00615824 0.00615824 0.00615824 0.00615824 0.00615824 0.3 0.3 0.3 0.3 0.3 0.3 0.3 0.3 0.3 0.3 0.3 0.3 0.3 0.3 0.3 0.3 0.3 0.3 0.3 0.3 0.3 0.3 0.3 0.3 0.3 0.3 0.3 0.3 0.00615824 0.00615824 0.00615824 0.00615824 0.00615824 0.00615824 0.00615824 0.00615824 0.00615824 0.00615824 0.00615824 0.00615824 0.00615824 0.00615824 0.00615824 0.00615824 0.00615824 0.00615824
0.00615824 0.00615824 0.00615824 0.00615824 0.00615824 0.00615824 0.00615824 0.00615824 0.00615824 0.00615824 0.00615824 0.00615824 0.00615824 0.00615824 0.00615824 0.00615824 0.00615824 0.00615824 0.00615824 0.00615824 0.00615824 0.00615824 0.00615824 0.00615824 0.00615824 0.00615824 0.00615824 0.00615824 0.00615824 0.00615824 0.00615824 0.00615824 0.00615824 0.00615824 0.3 0.3 0.3 0.3 0.3 0.3 0.3 0.3 0.3 0.3 0.3 0.3 0.3 0.3 0.3 0.3 0.3 0.3 0.3 0.3 0.3 0.3 0.3 0.3 0.3 0.00615824 0.00615824 0.00615824 0.00615824 0.00615824 0.00615824 0.00615824 0.00615824 0.00615824 0.00615824 0.00615824 0.00615824 0.00615824 0.00615824 0.00615824 0.00615824 0.00615824 0.00615824 0.00615824 0.00615824
0.00615824 0.00615824 0.00615824 0.00615824 0.00615824 0.00615824 0.00615824 0.00615824 0.00615824 0.00615824 0.00615824 0.00615824 0.00615824 0.00615824 0.00615824 0.00615824 0.00615824 0.00615824 0.00615824 0.00615824 0.00615824 0.00615824 0.00615824 0.00615824 0.00615824 0.00615824 0.00615824 0.00615824 0.00615824 0.00615824 0.00615824 0.00615824 0.00615824 0.00615824 0.00615824 0.3 0.3 0.3 0.3 0.3 0.3 0.3 0.3 0.3 0.3 0.3 0.3 0.3 0.3 0.3 0.3 0.3 0.3 0.3 0.3 0.3 0.3 0.00615824 0.00615824 0.00615824 0.00615824 0.00615824 0.00615824 0.00615824 0.00615824 0.00615824 0.00615824 0.00615824 0.00615824 0.00615824 0.00615824 0.00615824 0.00615824 0.00615824 0.00615824 0.00615824 0.00615824 0.00615824 0.00615824
0.00615824 0.00615824 0.00615824 0.00615824 0.00615824 0.00615824 0.00615824 0.00615824 0.00615824 0.00615824 0.00615824 0.00615824 0.00615824 0.00615824 0.00615824 0.00615824 0.00615824 0.00615824 0.00615824 0.00615824 0.00615824 0.00615824 0.00615824 0.00615824 0.00615824 0.00615824 0.00615824 0.00615824 0.00615824 0.00615824 0.00615824 0.00615824 0.00615824 0.00615824 0.00615824 0.00615824 0.3 0.3 0.3 0.3 0.3 0.3 0.3 0.3 0.3 0.3 0.3 0.3 0.3 0.3 0.3 0.3 0.3 0.3 0.3 0.00615824 0.00615824 0.00615824 0.00615824 0.00615824 0.00615824 0.00615824 0.00615824 0.00615824 0.00615824 0.00615824 0.00615824 0.00615824 0.00615824 0.00615824 0.00615824 0.00615824 0.00615824 0.00615824 0.00615824 0.00615824 0.00615824 0.00615824 0.00615824
0.00615824 0.00615824 0.00615824 0.00615824 0.00615824 0.00615824 0.00615824 0.00615824 0.00615824 0.00615824 0.00615824 0.00615824 0.00615824 0.00615824 0.00615824 0.00615824 0.00615824 0.00615824 0.00615824 0.00615824 0.00615824 0.00615824 0.00615824 0.00615824 0.00615824 0.00615824 0.00615824 0.00615824 0.00615824 0.00615824 0.00615824 0.00615824 0.00615824 0.00615824 0.00615824 0.00615824 0.00615824 0.3 0.3 0.3 0.3 0.3 0.3 0.3 0.3 0.3 0.3 0.3 0.3 0.3 0.3 0.3 0.3 0.00615824 0.00615824 0.00615824 0.00615824 0.00615824 0.00615824 0.00615824 0.00615824 0.00615824 0.00615824 0.00615824 0.00615824 0.00615824 0.00615824 0.00615824 0.00615824 0.00615824 0.00615824 0.00615824 0.00615824 0.00615824 0.00615824 0.00615824 0.00615824 0.00615824 0.00615824
0.00615824 0.00615824 0.00615824 0.00615824 0.00615824 0.00615824 0.00615824 0.00615824 0.00615824 0.00615824 0.00615824 0.00615824 0.00615824 0.00615824 0.00615824 0.00615824 0.00615824 0.00615824 0.00615824 0.00615824 0.00615824 0.00615824 0.00615824 0.00615824 0.00615824 0.00615824 0.00615824 0.00615824 0.00615824 0.00615824 0.00615824 0.00615824 0.00615824 0.00615824 0.00615824 0.00615824 0.00615824 0.3 0.3 0.3 0.3 0.3 0.3 0.3 0.3 0.3 0.3 0.3 0.3 0.3 0.3 0.00615824 0.00615824 0.00615824 0.00615824 0.00615824 0.00615824 0.00615824 0.00615824 0.00615824 0.00615824 0.00615824 0.00615824 0.00615824 0.00615824 0.00615824 0.00615824 0.00615824 0.00615824 0.00615824 0.00615824 0.00615824 0.00615824 0.3 0.3 0.3 0.3 0.3 0.3
0.00615824 0.00615824 0.00615824 0.00615824 0.00615824 0.00615824 0.00615824 0.00615824 0.00615824 0.00615824 0.00615824 0.00615824 0.00615824 0.00615824 0.00615824 0.00615824 0.00615824 0.00615824 0.00615824 0.00615824 0.00615824 0.00615824 0.00615824 0.00615824 0.00615824 0.00615824 0.00615824 0.00615824 0.00615824 0.00615824 0.00615824 0.00615824 0.00615824 0.00615824 0.00615824 0.00615824 0.00615824 0.00615824 0.3 0.3 0.3 0.3 0.3 0.3 0.3 0.3 0.3 0.3 0.3 0.00615824 0.00615824 0.00615824 0.00615824 0.00615824 0.00615824 0.00615824 0.00615824 0.00615824 0.00615824 0.00615824 0.00615824 0.00615824 0.00615824 0.00615824 0.00615824 0.00615824 0.00615824 0.00615824 0.3 0.3 0.3 0.3 0.3 0.3 0.3 0.3 0.3 0.3 0.3
0.00615824 0.00615824 0.00615824 0.00615824 0.00615824 0.00615824 0.00615824 0.00615824 0.00615824 0.00615824 0.00615824 0.00615824 0.00615824 0.00615824 0.00615824 0.00615824 0.00615824 0.00615824 0.00615824 0.00615824 0.00615824 0.00615824 0.00615824 0.00615824 0.00615824 0.00615824 0.00615824 0.00615824 0.00615824 0.00615824 0.00615824 0.00615824 0.00615824 0.00615824 0.00615824 0.00615824 0.00615824 0.00615824 0.00615824 0.3 0.3 0.3 0.3 0.3 0.3 0.3 0.3 0.00615824 0.00615824 0.00615824 0.00615824 0.00615824 0.00615824 0.00615824 0.00615824 0.00615824 0.00615824 0.00615824 0.00615824 0.00615824 0.00615824 0.00615824 0.00615824 0.844828 0.3 0.3 0.3 0.3 0.3 0.3 0.3 0.3 0.3 0.3 0.3 0.3 0.3 0.3 0.3
0.00615824 0.00615824 0.00615824 0.00615824 0.00615824 0.00615824 0.00615824 0.00615824 0.00615824 0.00615824 0.00615824 0.00615824 0.00615824 0.00615824 0.00615824 0.00615824 0.00615824 0.00615824 0.00615824 0.00615824 0.00615824 0.00615824 0.00615824 0.00615824 0.00615824 0.00615824 0.00615824 0.00615824 0.00615824 0.00615824 0.00615824 0.00615824 0.00615824 0.00615824 0.00615824 0.00615824 0.00615824 0.00615824 0.00615824 0.3 0.3 0.3 0.3 0.3 0.3 0.00615824 0.00615824 0.00615824 0.00615824 0.00615824 0.00615824 0.00615824 0.00615824 0.00615824 0.00615824 0.00615824 0.00615824 0.00615824 0.00615824 0.993842 0.3 0.3 0.3 0.3 0.3 0.3 0.3 0.3 0.3 0.3 0.3 0.3 0.3 0.3 0.3 0.3 0.3 0.3 0.3
0.00615824 0.00615824 0.00615824 0.00615824 0.00615824 0.00615824 0.00615824 0.00615824 0.00615824 0.00615824 0.00615824 0.00615824 0.00615824 0.00615824 0.00615824 0.00615824 0.00615824 0.00615824 0.00615824 0.00615824 0.00615824 0.00615824 0.00615824 0.00615824 0.00615824 0.00615824 0.00615824 0.00615824 0.00615824 0.00615824 0.00615824 0.00615824 0.00615824 0.00615824 0.00615824 0.00615824 0.00615824 0.00615824 0.00615824 0.00615824 0.3 0.3 0.3 0.00615824 0.00615824 0.00615824 0.00615824 0.00615824 0.00615824 0.00615824 0.00615824 0.00615824 0.00615824 0.00615824 0.993842 0.993842 0.3 0.3 0.3 0.3 0.3 0.3 0.3 0.3 0.3 0.3 0.3 0.3 0.3 0.3 0.3 0.3 0.3 0.3 0.3 0.3 0.3 0.3 0.3
0.00615824 0.00615824 0.00615824 0.00615824 0.00615824 0.00615824 0.00615824 0.00615824 0.00615824 0.00615824 0.00615824 0.00615824 0.00615824 0.00615824 0.00615824 0.00615824 0.00615824 0.00615824 0.00615824 0.00615824 0.00615824 0.00615824 0.00615824 0.00615824 0.00615824 0.00615824 0.00615824 0.00615824 0.00615824 0.00615824 0.00615824 0.00615824 0.00615824 0.00615824 0.00615824 0.00615824 0.00615824 0.00615824 0.00615824 0.00615824 0.00615824 0.00615824 0.00615824 0.00615824 0.00615824 0.00615824 0.00615824 0.00615824 0.00615824 0.00615824 0.993842 0.993842 0.3 0.3 0.3 0.3 0.3 0.3 0.3 0.3 0.3 0.3 0.3 0.3 0.3 0.3 0.3 0.3 0.3 0.3 0.3 0.3 0.3 0.3 0.3 0.3 0.3 0.3 0.3
0.00615824 0.00615824 0.00615824 0.00615824 0.00615824 0.00615824 0.00615824 0.00615824 0.00615824 0.00615824 0.00615824 0.00615824 0.00615824 0.00615824 0.00615824 0.00615824 0.00615824 0.00615824 0.00615824 0.00615824 0.00615824 0.00615824 0.00615824 0.00615824 0.00615824 0.00615824 0.00615824 0.00615824 0.00615824 0.00615824 0.00615824 0.00615824 0.00615824 0.00615824 0.00615824 0.00615824 0.00615824 0.00615824 0.00615824 0.00615824 0.00615824 0.00615824 0.00615824 0.00615824 0.00615824 0.00615824 0.00615824 0.00615824 0.00615824 0.00615824 0.993842 0.993842 0.3 0.3 0.3 0.3 0.3 0.3 0.3 0.3 0.3 0.3 0.3 0.3 0.3 0.3 0.3 0.3 0.3 0.3 0.3 0.3 0.3 0.3 0.3 0.3 0.3 0.3 0.3
0.00615824 0.00615824 0.00615824 0.00615824 0.00615824 0.00615824 0.00615824 0.00615824 0.00615824 0.00615824 0.00615824 0.00615824 0.00615824 0.00615824 0.00615824 0.00615824 0.00615824 0.00615824 0.00615824 0.00615824 0.00615824 0.00615824 0.00615824 0.00615824 0.00615824 0.00615824 0.00615824 0.00615824 0.00615824 0.00615824 0.00615824 0.00615824 0.00615824 0.00615824 0.00615824 0.00615824 0.00615824 0.00615824 0.00615824 0.00615824 0.00615824 0.00615824 0.00615824 0.00615824 0.00615824 0.00615824 0.00615824 0.00615824 0.00615824 0.00615824 0.00615824 0.993842 0.985748 0.3 0.3 0.3 0.3 0.3 0.3 0.3 0.3 0.3 0.3 0.3 0.3 0.3 0.3 0.3 0.3 0.3 0.3 0.3 0.3 0.3 0.3 0.3 0.3 0.3 0.3
0.00615824 0.00615824 0.00615824 0.00615824 0.00615824 0.00615824 0.00615824 0.00615824 0.00615824 0.00615824 0.00615824 0.00615824 0.00615824 0.00615824 0.00615824 0.00615824 0.00615824 0.00615824 0.00615824 0.00615824 0.00615824 0.00615824 0.00615824 0.00615824 0.00615824 0.00615824 0.00615824 0.00615824 0.00615824 0.00615824 0.00615824 0.00615824 0.00615824 0.00615824 0.00615824 0.00615824 0.00615824 0.00615824 0.00615824 0.00615824 0.00615824 0.00615824 0.00615824 0.00615824 0.00615824 0.00615824 0.00615824 0.00615824 0.00615824 0.00615824 0.00615824 0.993842 0.993842 0.3 0.3 0.3 0.3 0.3 0.3 0.3 0.3 0.3 0.3 0.3 0.3 0.3 0.3 0.3 0.3 0.3 0.3 0.3 0.3 0.3 0.3 0.3 0.3 0.3 0.3
0.00615824 0.00615824 0.00615824 0.00615824 0.00615824 0.00615824 0.00615824 0.00615824 0.00615824 0.00615824 0.00615824 0.00615824 0.00615824 0.00615824 0.00615824 0.00615824 0.00615824 0.00615824 0.00615824 0.00615824 0.00615824 0.00615824 0.00615824 0.00615824 0.00615824 0.00615824 0.00615824 0.00615824 0.00615824 0.00615824 0.00615824 0.00615824 0.00615824 0.00615824 0.00615824 0.00615824 0.00615824 0.00615824 0.00615824 0.00615824 0.00615824 0.00615824 0.00615824 0.00615824 0.00615824 0.00615824 0.00615824 0.00615824 0.00615824 0.00615824 0.00615824 0.993842 0.993842 0.3 0.3 0.3 0.3 0.3 0.3 0.3 0.3 0.3 0.3 0.3 0.3 0.3 0.3 0.3 0.3 0.3 0.3 0.3 0.3 0.3 0.3 0.3 0.3 0.3 0.3
0.00615824 0.00615824 0.00615824 0.00615824 0.00615824 0.00615824 0.00615824 0.00615824 0.00615824 0.00615824 0.00615824 0.00615824 0.00615824 0.00615824 0.00615824 0.00615824 0.00615824 0.00615824 0.00615824 0.00615824 0.00615824 0.00615824 0.00615824 0.00615824 0.00615824 0.00615824 0.00615824 0.00615824 0.00615824 0.00615824 0.00615824 0.00615824 0.993842 0.00615824 0.00615824 0.00615824 0.00615824 0.00615824 0.00615824 0.00615824 0.00615824 0.00615824 0.00615824 0.00615824 0.00615824 0.00615824 0.00615824 0.00615824 0.00615824 0.00615824 0.00615824 0.993842 0.993842 0.3 0.3 0.3 0.3 0.3 0.3 0.3 0.3 0.3 0.3 0.3 0.3 0.3 0.3 0.3 0.3 0.3 0.3 0.3 0.3 0.3 0.3 0.3 0.3 0.3 0.3
0.00615824 0.00615824 0.00615824 0.00615824 0.00615824 0.00615824 0.00615824 0.00615824 0.00615824 0.00615824 0.00615824 0.00615824 0.00615824 0.00615824 0.00615824 0.00615824 0.00615824 0.00615824 0.00615824 0.00615824 0.00615824 0.00615824 0.00615824 0.00615824 0.00615824 0.00615824 0.00615824 0.00615824 0.993842 0.993842 0.3 0.993842 0.993842 0.00615824 0.00615824 0.00615824 0.00615824 0.00615824 0.00615824 0.00615824 0.00615824 0.00615824 0.00615824 0.00615824 0.00615824 0.00615824 0.00615824 0.00615824 0.00615824 0.00615824 0.00615824 0.00615824 0.993842 0.3 0.3 0.3 0.3 0.3 0.3 0.3 0.3 0.3 0.3 0.3 0.3 0.3 0.3 0.3 0.3 0.3 0.3 0.3 0.3 0.3 0.3 0.3 0.3 0.3 0.3
0.00615824 0.00615824 0.00615824 0.00615824 0.00615824 0.00615824 0.00615824 0.00615824 0.00615824 0.00615824 0.00615824 0.00615824 0.00615824 0.00615824 0.00615824 0.00615824 0.00615824 0.00615824 0.00615824 0.00615824 0.00615824 0.00615824 0.00615824 0.00615824 0.993842 0.993842 0.3 0.3 0.3 0.3 0.3 0.993842 0.993842 0.00615824 0.00615824 0.00615824 0.00615824 0.00615824 0.00615824 0.00615824 0.00615824 0.00615824 0.00615824 0.00615824 0.00615824 0.00615824 0.00615824 0.00615824 0.00615824 0.00615824 0.00615824 0.00615824 0.993842 0.7 0.3 0.3 0.3 0.3 0.3 0.3 0.3 0.3 0.3 0.3 0.3 0.3 0.3 0.3 0.3 0.3 0.3 0.3 0.3 0.3 0.3 0.3 0.3 0.3 0.3
0.00615824 0.00615824 0.00615824 0.00615824 0.00615824 0.00615824 0.00615824 0.00615824 0.00615824 0.00615824 0.00615824 0.00615824 0.00615824 0.00615824 0.00615824 0.00615824 0.00615824 0.00615824 0.00615824 0.00615824 0.993842 0.3 0.3 0.3 0.3 0.3 0.3 0.3 0.3 0.3 0.3 0.993842 0.993842 0.00615824 0.00615824 0.00615824 0.00615824 0.00615824 0.00615824 0.00615824 0.00615824 0.00615824 0.00615824 0.00615824 0.00615824 0.00615824 0.00615824 0.00615824 0.00615824 0.00615824 0.00615824 0.00615824 0.993842 0.993842 0.3 0.3 0.3 0.3 0.3 0.3 0.3 0.3 0.3 0.3 0.3 0.3 0.3 0.3 0.3 0.3 0.3 0.3 0.3 0.3 0.3 0.3 0.3 0.3 0.3
0.00615824 0.00615824 0.00615824 0.00615824 0.00615824 0.00615824 0.00615824 0.00615824 0.00615824 0.00615824 0.00615824 0.00615824 0.00615824 0.00615824 0.00615824 0.00615824 0.993842 0.3 0.3 0.3 0.3 0.3 0.3 0.3 0.3 0.3 0.3 0.3 0.3 0.3 0.3 0.3 0.993842 0.00615824 0.00615824 0.00615824 0.00615824 0.00615824 0.00615824 0.00615824 0.00615824 0.00615824 0.00615824 0.00615824 0.00615824 0.00615824 0.00615824 0.00615824 0.00615824 0.00615824 0.00615824 0.00615824 0.00615825 0.993842 0.3 0.3 0.3 0.3 0.3 0.3 0.3 0.3 0.3 0.3 0.3 0.3 0.3 0.3 0.3 0.3 0.3 0.3 0.3 0.3 0.3 0.3 0.3 0.3 0.3
0.00615824 0.00615824 0.00615824 0.00615824 0.00615824 0.00615824 0.00615824 0.00615824 0.00615824 0.00615824 0.00615824 0.00615824 0.993842 0.3 0.3 0.3 0.3 0.3 0.3 0.3 0.3 0.3 0.3 0.3 0.3 0.3 0.3 0.3 0.3 0.3 0.3 0.3 0.993842 0.993842 0.00615824 0.00615824 0.00615824 0.00615824 0.00615824 0.00615824 0.00615824 0.00615824 0.00615824 0.00615824 0.00615824 0.00615824 0.00615824 0.00615824 0.00615824 0.00615824 0.00615824 0.00615824 0.00615824 0.993842 0.3 0.3 0.3 0.3 0.3 0.3 0.3 0.3 0.3 0.3 0.3 0.3 0.3 0.3 0.3 0.3 0.3 0.3 0.3 0.3 0.3 0.3 0.3 0.3 0.3
0.00615824 0.00615824 0.00615824 0.00615824 0.00615824 0.00615824 0.00615824 0.00615824 0.00615824 0.3 0.3 0.3 0.3 0.3 0.3 0.3 0.3 0.3 0.3 0.3 0.3 0.3 0.3 0.3 0.3 0.3 0.3 0.3 0.3 0.3 0.3 0.3 0.993842 0.993842 0.00615824 0.00615824 0.00615824 0.00615824 0.00615824 0.00615824 0.00615824 0.00615824 0.993842 0.993842 0.993842 0.993842 0.993842 0.993842 0.00615824 0.00615824 0.00615824 0.00615824 0.00615824 0.993842 0.3 0.3 0.3 0.3 0.3 0.3 0.3 0.3 0.3 0.3 0.3 0.3 0.3 0.3 0.3 0.3 0.3 0.3 0.3 0.3 0.3 0.3 0.3 0.3 0.3
0.00615824 0.00615824 0.00615824 0.00615824 0.00615824 0.00615824 0.3 0.3 0.3 0.3 0.3 0.3 0.3 0.3 0.3 0.3 0.3 0.3 0.3 0.3 0.3 0.3 0.3 0.3 0.3 0.3 0.3 0.3 0.3 0.3 0.3 0.3 0.967365 0.993842 0.00615824 0.00615824 0.00615824 0.00615824 0.00615824 0.00615824 0.993842 0.993842 0.993842 0.993842 0.993842 0.993842 0.993842 0.993842 0.993842 0.993842 0.00615825 0.00615824 0.00615824 0.993842 0.927027 0.3 0.3 0.3 0.3 0.3 0.3 0.3 0.3 0.3 0.3 0.3 0.3 0.3 0.3 0.3 0.3 0.3 0.3 0.3 0.3 0.3 0.3 0.3 0.3
0.00615824 0.00615824 0.00615824 0.3 0.3 0.3 0.3 0.3 0.3 0.3 0.3 0.3 0.3 0.3 0.3 0.3 0.3 0.3 0.3 0.3 0.3 0.3 0.3 0.3 0.3 0.3 0.3 0.3 0.3 0.3 0.3 0.3 0.3 0.993842 0.00615824 0.00615824 0.00615824 0.00615824 0.00615824 0.993842 0.993842 0.993842 0.5 0.3 0.3 0.3 0.3 0.3 0.3 0.3 0.993842 0.993842 0.00615824 0.00615824 0.993842 0.3 0.3 0.3 0.3 0.3 0.3 0.3 0.3 0.3 0.3 0.3 0.3 0.3 0.3 0.3 0.3 0.3 0.3 0.3 0.3 0.3 0.3 0.3 0.3
0.3 0.3 0.3 0.3 0.3 0.3 0.3 0.3 0.3 0.3 0.3 0.3 0.3 0.3 0.3 0.3 0.3 0.3 0.3 0.3 0.3 0.3 0.3 0.3 0.3 0.3 0.3 0.3 0.3 0.3 0.3 0.3 0.3 0.993842 0.00615825 0.00615824 0.00615824 0.00615824 0.993842 0.993842 0.3 0.3 0.3 0.3 0.3 0.3 0.3 0.3 0.3 0.3 0.3 0.3 0.993842 0.00615824 0.993842 0.3 0.3 0.3 0.3 0.3 0.3 0.3 0.3 0.3 0.3 0.3 0.3 0.3 0.3 0.3 0.3 0.3 0.3 0.3 0.3 0.3 0.3 0.3 0.3
0.3 0.3 0.3 0.3 0.3 0.3 0.3 0.3 0.3 0.3 0.3 0.3 0.3 0.3 0.3 0.3 0.3 0.3 0.3 0.3 0.3 0.3 0.3 0.3 0.3 0.3 0.3 0.3 0.3 0.3 0.3 0.3 0.3 0.993842 0.993842 0.00615824 0.00615824 0.00615824 0.993842 0.3 0.3 0.3 0.3 0.3 0.3 0.3 0.3 0.3 0.3 0.3 0.3 0.3 0.3 0.00615824 0.993842 0.3 0.3 0.3 0.3 0.3 0.3 0.3 0.3 0.3 0.3 0.3 0.3 0.3 0.3 0.3 0.3 0.3 0.3 0.3 0.3 0.3 0.3 0.3 0.3
0.3 0.3 0.3 0.3 0.3 0.3 0.3 0.3 0.3 0.3 0.3 0.3 0.3 0.3 0.3 0.3 0.3 0.3 0.3 0.3 0.3 0.3 0.3 0.3 0.3 0.3 0.3 0.3 0.3 0.3 0.3 0.3 0.3 0.7 0.993842 0.00615824 0.00615824 0.993842 0.3 0.3 0.3 0.3 0.3 0.3 0.3 0.3 0.3 0.3 0.3 0.3 0.3 0.3 0.3 0.3 0.993842 0.3 0.3 0.3 0.3 0.3 0.3 0.3 0.3 0.3 0.3 0.3 0.3 0.3 0.3 0.3 0.3 0.3 0.3 0.3 0.3 0.3 0.3 0.3 0.3
0.3 0.3 0.3 0.3 0.3 0.3 0.3 0.3 0.3 0.3 0.3 0.3 0.3 0.3 0.3 0.3 0.3 0.3 0.3 0.3 0.3 0.3 0.3 0.3 0.3 0.3 0.3 0.3 0.3 0.3 0.3 0.3 0.3 0.3 0.993842 0.00615824 0.00615824 0.3 0.3 0.3 0.3 0.3 0.3 0.3 0.3 0.3 0.3 0.3 0.3 0.3 0.3 0.3 0.3 0.3 0.3 0.993842 0.3 0.3 0.3 0.3 0.3 0.3 0.3 0.3 0.3 0.3 0.3 0.3 0.3 0.3 0.3 0.3 0.3 0.3 0.3 0.3 0.3 0.3 0.3
0.3 0.3 0.3 0.3 0.3 0.3 0.3 0.3 0.3 0.3 0.3 0.3 0.3 0.3 0.3 0.3 0.3 0.3 0.3 0.3 0.3 0.3 0.3 0.3 0.3 0.3 0.3 0.3 0.3 0.3 0.3 0.3 0.3 0.3 0.993842 0.00615824 0.993842 0.3 0.3 0.3 0.3 0.3 0.3 0.3 0.3 0.3 0.3 0.3 0.3 0.3 0.3 0.3 0.3 0.3 0.3 0.3 0.3 0.3 0.3 0.3 0.3 0.3 0.3 0.3 0.3 0.3 0.3 0.3 0.3 0.3 0.3 0.3 0.3 0.3 0.3 0.3 0.3 0.3 0.3
0.3 0.3 0.3 0.3 0.3 0.3 0.3 0.3 0.3 0.3 0.3 0.3 0.3 0.3 0.3 0.3 0.3 0.3 0.3 0.3 0.3 0.3 0.3 0.3 0.3 0.3 0.3 0.3 0.3 0.3 0.3 0.3 0.3 0.3 0.993842 0.155173 0.3 0.3 0.3 0.3 0.3 0.3 0.3 0.3 0.3 0.3 0.3 0.3 0.3 0.3 0.3 0.3 0.3 0.3 0.3 0.3 0.3 0.3 0.3 0.3 0.3 0.3 0.3 0.3 0.3 0.3 0.3 0.3 0.3 0.3 0.3 0.3 0.3 0.3 0.3 0.3 0.3 0.3 0.3
0.3 0.3 0.3 0.3 0.3 0.3 0.3 0.3 0.3 0.3 0.3 0.3 0.3 0.3 0.3 0.3 0.3 0.3 0.3 0.3 0.3 0.3 0.3 0.3 0.3 0.3 0.3 0.3 0.3 0.3 0.3 0.3 0.3 0.3 0.3 0.993842 0.3 0.3 0.3 0.3 0.3 0.3 0.3 0.3 0.3 0.3 0.3 0.3 0.3 0.3 0.3 0.3 0.3 0.3 0.3 0.3 0.3 0.3 0.3 0.3 0.3 0.3 0.3 0.3 0.3 0.3 0.3 0.3 0.3 0.3 0.3 0.3 0.3 0.3 0.3 0.3 0.3 0.3 0.3
0.3 0.3 0.3 0.3 0.3 0.3 0.3 0.3 0.3 0.3 0.3 0.3 0.3 0.3 0.3 0.3 0.3 0.3 0.3 0.3 0.3 0.3 0.3 0.3 0.3 0.3 0.3 0.3 0.3 0.3 0.3 0.3 0.3 0.3 0.3 0.3 0.3 0.3 0.3 0.3 0.3 0.3 0.3 0.3 0.3 0.3 0.3 0.3 0.3 0.3 0.3 0.3 0.3 0.3 0.3 0.3 0.3 0.3 0.3 0.3 0.3 0.3 0.3 0.3 0.3 0.3 0.3 0.3 0.3 0.3 0.3 0.3 0.3 0.3 0.3 0.3 0.3 0.3 0.3
0.3 0.3 0.3 0.3 0.3 0.3 0.3 0.3 0.3 0.3 0.3 0.3 0.3 0.3 0.3 0.3 0.3 0.3 0.3 0.3 0.3 0.3 0.3 0.3 0.3 0.3 0.3 0.3 0.3 0.3 0.3 0.3 0.3 0.3 0.3 0.3 0.3 0.3 0.3 0.3 0.3 0.3 0.3 0.3 0.3 0.3 0.3 0.3 0.3 0.3 0.3 0.3 0.3 0.3 0.3 0.3 0.3 0.3 0.3 0.3 0.3 0.3 0.3 0.3 0.3 0.3 0.3 0.3 0.3 0.3 0.3 0.3 0.3 0.3 0.3 0.3 0.3 0.3 0.3
