x       y       velocity      desired vel
-2.27697 -0.231427 45.7741 0.3
-2.277 -0.231421 0.000477871 0.3
-2.27701 -0.231434 0.000383196 0.3
-2.27695 -0.23141 0.00133394 0.3
-2.27694 -0.231402 0.00022444 0.3
-2.27634 -0.231956 0.0163031 0.3
-2.27279 -0.235746 0.103941 0.3
-2.26759 -0.240615 0.14249 0.3
-2.2619 -0.245963 0.156174 0.3
-2.25294 -0.256033 0.269598 0.3
-2.24809 -0.262094 0.155239 0.3
-2.24388 -0.267304 0.133929 0.3
-2.24045 -0.271488 0.108231 0.3
-2.23167 -0.283302 0.294398 0.3
-2.22895 -0.290393 0.151854 0.3
-2.22519 -0.297595 0.162543 0.3
-2.22288 -0.303386 0.124637 0.3
-2.22288 -0.303386 0 0.3
-2.22288 -0.303386 0 0.3
-2.2146 -0.325401 0.470454 0.3
-2.21181 -0.331344 0.13133 0.3
-2.20578 -0.343724 0.275374 0.3
-2.20325 -0.349756 0.130791 0.3
-2.20061 -0.356474 0.144383 0.3
-2.19731 -0.363357 0.152665 0.3
-2.19121 -0.376064 0.281906 0.3
-2.1876 -0.381761 0.134901 0.3
-2.1839 -0.387417 0.135119 0.3
-2.1801 -0.393666 0.146325 0.3
-2.17462 -0.404591 0.244473 0.3
-2.17202 -0.41071 0.132915 0.3
-2.16968 -0.417403 0.1418 0.3
-2.16814 -0.423839 0.132358 0.3
-2.16227 -0.437445 0.296404 0.3
-2.15974 -0.443987 0.140241 0.3
-2.15693 -0.450483 0.141601 0.3
-2.15402 -0.457068 0.144011 0.3
-2.15069 -0.465118 0.174193 0.3
-2.14542 -0.47735 0.266411 0.3
-2.14276 -0.48531 0.16784 0.3
-2.14106 -0.491567 0.129666 0.3
-2.13884 -0.498751 0.150378 0.3
-2.13468 -0.513424 0.305037 0.3
-2.13189 -0.519776 0.138731 0.3
-2.12898 -0.526212 0.141265 0.3
-2.12641 -0.53297 0.144604 0.3
-2.12021 -0.547879 0.322959 0.3
-2.11623 -0.556715 0.193794 0.3
-2.11223 -0.563677 0.160607 0.3
-2.10851 -0.570733 0.159541 0.3
-2.10082 -0.583855 0.304175 0.3
-2.09745 -0.590605 0.1509 0.3
-2.09507 -0.596522 0.127583 0.3
-2.09145 -0.603416 0.155735 0.3
-2.08481 -0.617412 0.309831 0.3
-2.08342 -0.625012 0.154515 0.3
-2.08073 -0.631785 0.14573 0.3
-2.07823 -0.637773 0.129755 0.3
-2.07427 -0.649388 0.24547 0.3
-2.07288 -0.656381 0.142573 0.3
-2.07014 -0.663592 0.154322 0.3
-2.06669 -0.67114 0.165966 0.3
-2.06076 -0.686506 0.329389 0.3
-2.05776 -0.693205 0.146833 0.3
-2.05539 -0.701464 0.171852 0.3
-2.05239 -0.708018 0.14416 0.3
-2.0479 -0.722167 0.296845 0.3
-2.04463 -0.731659 0.200841 0.3
-2.04112 -0.739319 0.168518 0.3
-2.03804 -0.746238 0.151414 0.3
-2.03454 -0.752367 0.141169 0.3
-2.02963 -0.765215 0.275128 0.3
-2.02602 -0.772919 0.170141 0.3
-2.02342 -0.778349 0.120364 0.3
-2.01876 -0.783464 0.138443 0.3
-2.0132 -0.799413 0.337821 0.3
-2.00915 -0.808064 0.190991 0.3
-2.00596 -0.815169 0.155814 0.3
-2.00201 -0.822069 0.159021 0.3
-1.99732 -0.836945 0.311962 0.3
-1.99487 -0.844418 0.157244 0.3
-1.99238 -0.852184 0.163145 0.3
-1.98875 -0.860109 0.174268 0.3
-1.98038 -0.874783 0.337857 0.3
-1.97597 -0.881207 0.155874 0.3
-1.97126 -0.886899 0.1478 0.3
-1.96609 -0.892605 0.154037 0.3
-1.95377 -0.904521 0.34281 0.3
-1.94784 -0.911325 0.180484 0.3
-1.94269 -0.918235 0.172385 0.3
-1.93809 -0.925909 0.1789 0.3
-1.92702 -0.939507 0.350711 0.3
-1.92177 -0.94582 0.164124 0.3
-1.91633 -0.951603 0.158888 0.3
-1.91185 -0.957582 0.14934 0.3
-1.90479 -0.970966 0.302648 0.3
-1.90008 -0.977534 0.161716 0.3
-1.89563 -0.984797 0.170304 0.3
-1.8918 -0.992468 0.171489 0.3
-1.88261 -1.0049 0.309115 0.3
-1.8782 -1.01101 0.150781 0.3
-1.87424 -1.017 0.143574 0.3
-1.86901 -1.02305 0.159966 0.3
-1.85943 -1.03576 0.318393 0.3
-1.85304 -1.04168 0.174186 0.3
-1.84612 -1.04825 0.190847 0.3
-1.83901 -1.05336 0.175118 0.3
-1.82769 -1.0628 0.294755 0.3
-1.82291 -1.06751 0.134244 0.3
-1.81828 -1.07269 0.138988 0.3
-1.81373 -1.07781 0.137006 0.3
-1.80348 -1.08852 0.296418 0.3
-1.79775 -1.09338 0.150414 0.3
-1.79159 -1.09794 0.153245 0.3
-1.78493 -1.10229 0.158965 0.3
-1.77419 -1.11287 0.301589 0.3
-1.76875 -1.11792 0.14851 0.3
-1.76327 -1.12289 0.147903 0.3
-1.7579 -1.1285 0.155231 0.3
-1.74532 -1.14053 0.34821 0.3
-1.73919 -1.14614 0.166165 0.3
-1.73348 -1.15089 0.148583 0.3
-1.72776 -1.15524 0.143641 0.3
-1.71647 -1.16499 0.298424 0.3
-1.7101 -1.16872 0.147599 0.3
-1.70299 -1.17162 0.153639 0.3
-1.69639 -1.17498 0.148201 0.3
-1.69063 -1.17793 0.129387 0.3
-1.67596 -1.18608 0.335638 0.3
-1.67059 -1.18836 0.11657 0.3
-1.66498 -1.19123 0.126172 0.3
-1.65281 -1.19782 0.276724 0.3
-1.64618 -1.20117 0.148574 0.3
-1.63902 -1.20458 0.158596 0.3
-1.63226 -1.20859 0.157104 0.3
-1.61919 -1.21564 0.297011 0.3
-1.61271 -1.21895 0.14552 0.3
-1.60635 -1.22265 0.147223 0.3
-1.60107 -1.22669 0.132995 0.3
-1.58736 -1.23426 0.313336 0.3
-1.5808 -1.23759 0.147074 0.3
-1.5729 -1.24111 0.172891 0.3
-1.56525 -1.24444 0.166896 0.3
-1.5503 -1.25127 0.328689 0.3
-1.54333 -1.25398 0.149601 0.3
-1.5358 -1.25663 0.159615 0.3
-1.52829 -1.25927 0.159332 0.3
-1.51327 -1.26329 0.310968 0.3
-1.50676 -1.26605 0.141389 0.3
-1.4999 -1.26952 0.153709 0.3
-1.49379 -1.27228 0.134096 0.3
-1.48015 -1.27795 0.295466 0.3
-1.47318 -1.28043 0.147937 0.3
-1.46597 -1.28298 0.152875 0.3
-1.45956 -1.28531 0.13654 0.3
-1.44554 -1.29025 0.297215 0.3
-1.43935 -1.29268 0.132933 0.3
-1.43219 -1.29525 0.152234 0.3
-1.42427 -1.29771 0.165931 0.3
-1.4143 -1.30081 0.208688 0.3
-1.39918 -1.3058 0.318429 0.3
-1.39268 -1.3079 0.136704 0.3
-1.38544 -1.30945 0.148026 0.3
-1.3787 -1.31102 0.138501 0.3
-1.36269 -1.31547 0.332287 0.3
-1.35431 -1.31754 0.172623 0.3
-1.34618 -1.31886 0.164679 0.3
-1.33864 -1.3202 0.15317 0.3
-1.32363 -1.3217 0.301663 0.3
-1.31577 -1.32326 0.16029 0.3
-1.30838 -1.32422 0.149027 0.3
-1.30125 -1.32496 0.143455 0.3
-1.28656 -1.32685 0.296293 0.3
-1.27904 -1.328 0.152043 0.3
-1.27075 -1.32877 0.166566 0.3
-1.26333 -1.32943 0.149004 0.3
-1.24982 -1.33185 0.274537 0.3
-1.24286 -1.33268 0.14004 0.3
-1.23585 -1.33337 0.140884 0.3
-1.22832 -1.33445 0.15228 0.3
-1.21214 -1.33721 0.328216 0.3
-1.20322 -1.33831 0.179792 0.3
-1.19398 -1.33863 0.18485 0.3
-1.18515 -1.33876 0.176597 0.3
-1.16806 -1.34027 0.343159 0.3
-1.15995 -1.34029 0.162299 0.3
-1.15197 -1.34013 0.159635 0.3
-1.14449 -1.34004 0.149551 0.3
-1.13056 -1.33928 0.279001 0.3
-1.12337 -1.33847 0.144681 0.3
-1.11598 -1.3385 0.147723 0.3
-1.10894 -1.33915 0.141478 0.3
-1.09453 -1.33919 0.288161 0.3
-1.08801 -1.3392 0.130441 0.3
-1.08081 -1.33961 0.144233 0.3
-1.07279 -1.33862 0.161608 0.3
-1.05657 -1.33806 0.324698 0.3
-1.04818 -1.33739 0.168168 0.3
-1.04089 -1.33755 0.145855 0.3
-1.03305 -1.33656 0.158148 0.3
-1.01735 -1.33638 0.313879 0.3
-1.00964 -1.33589 0.154601 0.3
-1.00248 -1.33506 0.144258 0.3
-0.995256 -1.33398 0.145978 0.3
-0.979137 -1.33204 0.324704 0.3
-0.971174 -1.33126 0.16003 0.3
-0.964081 -1.33022 0.14336 0.3
-0.956485 -1.32924 0.153179 0.3
-0.94096 -1.3247 0.323515 0.3
-0.933519 -1.3229 0.153112 0.3
-0.927372 -1.32271 0.122999 0.3
-0.91949 -1.32103 0.161198 0.3
-0.902678 -1.3158 0.35211 0.3
-0.895557 -1.31338 0.1504 0.3
-0.888539 -1.31186 0.143609 0.3
-0.881296 -1.31046 0.147572 0.3
-0.867267 -1.30573 0.296066 0.3
-0.861011 -1.30554 0.12518 0.3
-0.853842 -1.30397 0.146761 0.3
-0.846714 -1.30178 0.149113 0.3
-0.831208 -1.29814 0.31856 0.3
-0.824072 -1.29655 0.146237 0.3
-0.816746 -1.29462 0.151535 0.3
-0.808762 -1.29162 0.170566 0.3
-0.794422 -1.28726 0.299741 0.3
-0.786344 -1.28522 0.166646 0.3
-0.778045 -1.28259 0.174121 0.3
-0.769859 -1.27915 0.177573 0.3
-0.754328 -1.27292 0.33465 0.3
-0.746641 -1.26884 0.174063 0.3
-0.740482 -1.26667 0.130622 0.3
-0.732566 -1.26377 0.168582 0.3
-0.719381 -1.2611 0.269081 0.3
-0.712471 -1.2581 0.15067 0.3
-0.705043 -1.25502 0.160817 0.3
-0.697477 -1.25239 0.160189 0.3
-0.683607 -1.24741 0.294712 0.3
-0.676166 -1.24474 0.158123 0.3
-0.668614 -1.2423 0.158722 0.3
-0.661212 -1.24041 0.152813 0.3
-0.653767 -1.23907 0.151286 0.3
-0.63536 -1.23382 0.38281 0.3
-0.627559 -1.23099 0.165969 0.3
-0.620638 -1.22742 0.155705 0.3
-0.613429 -1.22488 0.152874 0.3
-0.598152 -1.22018 0.319714 0.3
-0.591261 -1.21748 0.148028 0.3
-0.58376 -1.21524 0.156567 0.3
-0.576044 -1.21279 0.161882 0.3
-0.559747 -1.20793 0.340102 0.3
-0.551751 -1.20637 0.162953 0.3
-0.544102 -1.2049 0.155779 0.3
-0.537181 -1.20346 0.141372 0.3
-0.524247 -1.20171 0.261048 0.3
-0.51687 -1.20003 0.151304 0.3
-0.508417 -1.19731 0.177609 0.3
-0.500122 -1.19382 0.179962 0.3
-0.484283 -1.18826 0.335777 0.3
-0.476558 -1.1862 0.159894 0.3
-0.468791 -1.1849 0.157491 0.3
-0.459467 -1.18407 0.187211 0.3
-0.452104 -1.18266 0.149932 0.3
-0.436048 -1.17926 0.328245 0.3
-0.42758 -1.17659 0.177585 0.3
-0.419565 -1.17417 0.167447 0.3
-0.412257 -1.17332 0.14715 0.3
-0.397721 -1.17107 0.29417 0.3
-0.39027 -1.16966 0.151687 0.3
-0.382987 -1.16766 0.151063 0.3
-0.375927 -1.16481 0.152226 0.3
-0.368274 -1.16211 0.162293 0.3
-0.350188 -1.15952 0.365419 0.3
-0.342747 -1.15742 0.154666 0.3
-0.335505 -1.15555 0.149575 0.3
-0.335505 -1.15555 0 0.3
-0.335505 -1.15555 0 0.3
-0.335505 -1.15555 0 0.3
-0.335505 -1.15555 0 0.3
-0.28839 -1.14569 0.962689 0.3
-0.272463 -1.14318 0.322496 0.3
-0.272463 -1.14318 0 0.3
-0.272463 -1.14318 0 0.3
-0.272463 -1.14318 0 0.3
-0.2358 -1.14016 0.735745 0.3
-0.22679 -1.13944 0.180765 0.3
-0.22679 -1.13944 0 0.3
-0.209486 -1.13524 0.356114 0.3
-0.209486 -1.13524 0 0.3
-0.209486 -1.13524 0 0.3
-0.180334 -1.12762 0.602654 0.3
-0.17266 -1.12614 0.156324 0.3
-0.164978 -1.12411 0.158903 0.3
-0.14982 -1.12014 0.31339 0.3
-0.1429 -1.11881 0.140918 0.3
-0.1429 -1.11881 0 0.3
-0.1429 -1.11881 0 0.3
-0.115597 -1.11089 0.568564 0.3
-0.108579 -1.10899 0.145429 0.3
-0.108579 -1.10899 0 0.3
-0.084504 -1.09834 0.526533 0.3
-0.084504 -1.09834 0 0.3
-0.084504 -1.09834 0 0.3
-0.084504 -1.09834 0 0.3
-0.047008 -1.08624 0.788006 0.3
-0.040098 -1.08383 0.146305 0.3
-0.033305 -1.08085 0.148423 0.3
-0.026378 -1.07707 0.157767 0.3
-0.026378 -1.07707 0 0.3
-0.026378 -1.07707 0 0.3
-0.000836 -1.06348 0.578685 0.3
0.005272 -1.06116 0.130661 0.3
0.011224 -1.05859 0.129671 0.3
0.022879 -1.05219 0.26596 0.3
0.022879 -1.05219 0 0.3
0.022879 -1.05219 0 0.3
0.022879 -1.05219 0 0.3
0.056303 -1.03051 0.796747 0.3
0.062858 -1.02665 0.152161 0.3
0.062858 -1.02665 0 0.3
0.076083 -1.01885 0.307037 0.3
0.081992 -1.01478 0.143478 0.3
0.081992 -1.01478 0 0.3
0.081992 -1.01478 0 0.3
0.081992 -1.01478 0 0.3
0.118085 -0.98851 0.892866 0.3
0.123949 -0.983947 0.148604 0.3
0.129331 -0.978962 0.146719 0.3
0.129331 -0.978962 0 0.3
0.129331 -0.978962 0 0.3
0.150155 -0.959653 0.56797 0.3
0.155448 -0.954371 0.149554 0.3
0.155448 -0.954371 0 0.3
0.167753 -0.942363 0.343863 0.3
0.173262 -0.937257 0.150227 0.3
0.173262 -0.937257 0 0.3
0.188358 -0.92156 0.435562 0.3
0.193807 -0.916948 0.142775 0.3
0.204515 -0.906771 0.295454 0.3
0.209938 -0.901197 0.155536 0.3
0.215173 -0.89582 0.15009 0.3
0.215173 -0.89582 0 0.3
0.215173 -0.89582 0 0.3
0.235783 -0.873248 0.611316 0.3
0.241194 -0.867674 0.155368 0.3
0.246947 -0.861809 0.164311 0.3
0.257696 -0.847902 0.351537 0.3
0.262645 -0.841789 0.157304 0.3
0.266972 -0.83645 0.137445 0.3
0.270997 -0.830838 0.138122 0.3
0.278731 -0.819345 0.277059 0.3
0.283543 -0.814411 0.13784 0.3
0.288249 -0.809459 0.136629 0.3
0.292601 -0.803961 0.14024 0.3
0.301321 -0.791637 0.30194 0.3
0.305754 -0.785595 0.149876 0.3
0.309869 -0.779876 0.140912 0.3
0.314025 -0.774164 0.141279 0.3
0.322376 -0.762381 0.288845 0.3
0.326937 -0.756694 0.145801 0.3
0.331752 -0.750485 0.157145 0.3
0.337018 -0.743797 0.170247 0.3
0.342173 -0.736921 0.171876 0.3
0.349894 -0.720168 0.368932 0.3
0.354476 -0.713244 0.166056 0.3
0.359046 -0.706866 0.156925 0.3
0.362832 -0.700076 0.155484 0.3
0.370237 -0.687365 0.294213 0.3
0.373962 -0.681153 0.144865 0.3
0.376841 -0.674715 0.141049 0.3
0.379827 -0.668031 0.146413 0.3
0.386311 -0.654806 0.294579 0.3
0.389556 -0.648274 0.145873 0.3
0.393574 -0.639667 0.189974 0.3
0.396813 -0.633099 0.146464 0.3
0.399967 -0.62639 0.148269 0.3
0.40611 -0.612654 0.300941 0.3
0.408984 -0.605282 0.158248 0.3
0.412205 -0.598056 0.158227 0.3
0.415608 -0.59152 0.147377 0.3
0.421445 -0.578007 0.294396 0.3
0.424178 -0.570365 0.162319 0.3
0.427496 -0.562986 0.161813 0.3
0.431375 -0.553524 0.204525 0.3
0.433989 -0.545589 0.167089 0.3
0.440229 -0.529966 0.336462 0.3
0.442451 -0.522735 0.151294 0.3
0.444878 -0.515544 0.151791 0.3
0.447096 -0.508581 0.146155 0.3
0.451073 -0.495718 0.269275 0.3
0.453138 -0.489287 0.135088 0.3
0.454581 -0.482493 0.138911 0.3
0.456351 -0.475153 0.151008 0.3
0.461208 -0.461305 0.293501 0.3
0.463721 -0.453803 0.158234 0.3
0.465486 -0.446844 0.143587 0.3
0.467333 -0.439722 0.147152 0.3
0.470985 -0.425548 0.292739 0.3
0.47293 -0.418327 0.149567 0.3
0.474939 -0.410598 0.159716 0.3
0.476986 -0.402964 0.158074 0.3
0.48192 -0.387214 0.330095 0.3
0.484168 -0.380391 0.143676 0.3
0.485151 -0.373614 0.136958 0.3
0.485905 -0.365962 0.153781 0.3
0.48762 -0.351073 0.299749 0.3
0.489528 -0.342788 0.170037 0.3
0.490917 -0.335278 0.152748 0.3
0.491985 -0.327498 0.15706 0.3
0.494286 -0.312411 0.305229 0.3
0.494948 -0.305159 0.145643 0.3
0.495482 -0.297633 0.150899 0.3
0.495987 -0.290432 0.144373 0.3
0.497279 -0.27591 0.291588 0.3
0.498088 -0.268066 0.157712 0.3
0.498786 -0.260227 0.1574 0.3
0.499347 -0.252552 0.153909 0.3
0.499918 -0.238832 0.274638 0.3
0.50026 -0.231572 0.145361 0.3
0.50013 -0.224689 0.137684 0.3
0.500853 -0.217486 0.144784 0.3
0.502365 -0.202497 0.301301 0.3
0.5017 -0.193868 0.173092 0.3
0.501776 -0.184558 0.186206 0.3
0.501852 -0.173368 0.223805 0.3
0.501687 -0.165104 0.165313 0.3
0.502146 -0.148754 0.327129 0.3
0.501721 -0.140587 0.163561 0.3
0.501238 -0.13276 0.156838 0.3
0.501193 -0.125543 0.144343 0.3
0.500271 -0.111331 0.284837 0.3
0.50005 -0.104321 0.14027 0.3
0.499365 -0.097258 0.141923 0.3
0.498165 -0.090256 0.142082 0.3
0.497346 -0.075915 0.287287 0.3
0.49696 -0.068744 0.143628 0.3
0.496269 -0.06132 0.149122 0.3
0.495362 -0.053428 0.158879 0.3
0.493244 -0.036719 0.336854 0.3
0.491646 -0.02874 0.162749 0.3
0.49078 -0.021006 0.155647 0.3
0.49024 -0.01329 0.154697 0.3
0.489628 0.002009 0.306225 0.3
0.48897 0.00948 0.149998 0.3
0.486619 0.018493 0.186292 0.3
0.484265 0.026149 0.160194 0.3
0.482353 0.034157 0.164662 0.3
0.479764 0.049496 0.311119 0.3
0.478219 0.056626 0.14591 0.3
0.476512 0.063863 0.148712 0.3
0.475025 0.071049 0.146765 0.3
0.471334 0.086168 0.31126 0.3
0.468984 0.093748 0.158719 0.3
0.466862 0.101781 0.166171 0.3
0.464632 0.109312 0.157084 0.3
0.460332 0.123811 0.302464 0.3
0.458348 0.130925 0.14771 0.3
0.456207 0.137988 0.147607 0.3
0.453874 0.144914 0.146168 0.3
0.448875 0.158988 0.298709 0.3
0.446637 0.166279 0.152535 0.3
0.444879 0.173938 0.157164 0.3
0.442458 0.180903 0.147475 0.3
0.435742 0.195516 0.321649 0.3
0.432917 0.203562 0.170551 0.3
0.429928 0.210967 0.15971 0.3
0.427395 0.218539 0.159689 0.3
0.421441 0.234986 0.349831 0.3
0.4176 0.243065 0.178911 0.3
0.413894 0.250781 0.171197 0.3
0.410751 0.257877 0.155218 0.3
0.405051 0.271117 0.288297 0.3
0.402627 0.277347 0.133699 0.3
0.399459 0.283477 0.138005 0.3
0.395671 0.289653 0.144902 0.3
0.389279 0.303819 0.310827 0.3
0.386119 0.310286 0.143955 0.3
0.38255 0.316745 0.14759 0.3
0.37927 0.323045 0.142054 0.3
0.372288 0.336267 0.299045 0.3
0.368649 0.343084 0.154549 0.3
0.364896 0.350821 0.171984 0.3
0.361404 0.358376 0.16646 0.3
0.354356 0.373358 0.331141 0.3
0.349441 0.379991 0.16511 0.3
0.34451 0.386995 0.171313 0.3
0.340051 0.393941 0.165081 0.3
0.331287 0.407644 0.325319 0.3
0.32805 0.414045 0.143459 0.3
0.324097 0.421318 0.165557 0.3
0.319715 0.428211 0.163359 0.3
0.311806 0.442708 0.330282 0.3
0.308458 0.449361 0.148959 0.3
0.304336 0.456572 0.16612 0.3
0.301645 0.463653 0.151502 0.3
0.298185 0.472784 0.195292 0.3
0.29187 0.487657 0.323163 0.3
0.288512 0.495462 0.169934 0.3
0.285228 0.503522 0.174066 0.3
0.281956 0.511543 0.173254 0.3
0.278404 0.527227 0.321624 0.3
0.275452 0.534442 0.155911 0.3
0.271571 0.54152 0.161443 0.3
0.269475 0.549688 0.168652 0.3
0.268488 0.557989 0.16719 0.3
0.263645 0.578611 0.423661 0.3
0.261635 0.586785 0.16835 0.3
0.259086 0.59396 0.152286 0.3
0.256682 0.600632 0.141838 0.3
0.252653 0.614217 0.283397 0.3
0.251499 0.621023 0.138063 0.3
0.248586 0.629255 0.174644 0.3
0.245407 0.636658 0.161134 0.3
0.238482 0.651113 0.320563 0.3
0.235854 0.65809 0.149111 0.3
0.233017 0.665946 0.167051 0.3
0.231013 0.673496 0.156229 0.3
0.228176 0.688053 0.296618 0.3
0.226516 0.69639 0.170012 0.3
0.225089 0.704555 0.165775 0.3
0.223813 0.712117 0.153379 0.3
0.220981 0.726608 0.295302 0.3
0.21934 0.733236 0.136563 0.3
0.217688 0.739727 0.133959 0.3
0.216234 0.746685 0.142166 0.3
0.215374 0.761599 0.298775 0.3
0.21451 0.769243 0.153853 0.3
0.214102 0.776392 0.143212 0.3
0.213611 0.783775 0.147986 0.3
0.212305 0.799012 0.305858 0.3
0.210767 0.807209 0.166801 0.3
0.210233 0.814092 0.138073 0.3
0.209543 0.820079 0.120534 0.3
0.207814 0.832892 0.258582 0.3
0.207997 0.839751 0.137229 0.3
0.207934 0.846602 0.137026 0.3
0.207741 0.853411 0.136235 0.3
0.208049 0.86603 0.252454 0.3
0.208497 0.872246 0.124643 0.3
0.209162 0.878671 0.129186 0.3
0.209105 0.885806 0.142705 0.3
0.209351 0.901595 0.315818 0.3
0.20964 0.908973 0.147673 0.3
0.209444 0.916469 0.149971 0.3
0.21023 0.923511 0.141716 0.3
0.211052 0.937872 0.287689 0.3
0.210372 0.945376 0.150695 0.3
0.209523 0.953012 0.153661 0.3
0.209059 0.960938 0.158791 0.3
0.205459 0.975522 0.300435 0.3
0.203047 0.982112 0.140351 0.3
0.200565 0.98887 0.143988 0.3
0.198239 0.995523 0.140957 0.3
0.191801 1.01039 0.323966 0.3
0.187972 1.01816 0.173263 0.3
0.184144 1.02639 0.18159 0.3
0.180099 1.03436 0.178682 0.3
0.172267 1.04863 0.325542 0.3
0.169034 1.05598 0.160703 0.3
0.166022 1.06306 0.153808 0.3
0.162872 1.07024 0.156886 0.3
0.155126 1.08339 0.305185 0.3
0.150218 1.08997 0.164177 0.3
0.145103 1.09698 0.173522 0.3
0.14021 1.10371 0.166414 0.3
0.132161 1.11694 0.309689 0.3
0.128135 1.12312 0.147597 0.3
0.123765 1.12956 0.155621 0.3
0.119722 1.13595 0.151216 0.3
0.110296 1.14944 0.329122 0.3
0.105395 1.1559 0.162286 0.3
0.100555 1.16205 0.156537 0.3
0.095257 1.16856 0.167853 0.3
0.086435 1.18054 0.297491 0.3
0.08201 1.1861 0.142119 0.3
0.077282 1.19149 0.143426 0.3
0.072853 1.19708 0.142623 0.3
0.062864 1.20841 0.302137 0.3
0.058136 1.21428 0.150699 0.3
0.053386 1.22092 0.163329 0.3
0.047915 1.22586 0.147426 0.3
0.036517 1.23715 0.320833 0.3
0.031828 1.24366 0.160522 0.3
0.026499 1.25015 0.16795 0.3
0.020774 1.2562 0.16653 0.3
0.00801 1.26952 0.36901 0.3
0.0027 1.27457 0.146532 0.3
-0.002623 1.28003 0.152407 0.3
-0.007554 1.28457 0.134109 0.3
-0.01708 1.29461 0.276799 0.3
-0.021962 1.29958 0.13942 0.3
-0.027663 1.30405 0.144864 0.3
-0.03379 1.30899 0.157334 0.3
-0.044542 1.31986 0.305899 0.3
-0.049801 1.32455 0.140837 0.3
-0.055161 1.32938 0.144343 0.3
-0.0606 1.33416 0.144793 0.3
-0.071971 1.34396 0.30024 0.3
-0.077252 1.34906 0.146873 0.3
-0.083531 1.35518 0.175349 0.3
-0.089321 1.36135 0.16921 0.3
-0.102123 1.37152 0.32701 0.3
-0.1088 1.37565 0.157043 0.3
-0.1151 1.38043 0.15809 0.3
-0.121883 1.38478 0.161129 0.3
-0.128802 1.389 0.162191 0.3
-0.140368 1.3984 0.298007 0.3
-0.146409 1.40245 0.145526 0.3
-0.152773 1.40682 0.154331 0.3
-0.164528 1.41529 0.289737 0.3
-0.171237 1.41938 0.157159 0.3
-0.177854 1.42316 0.152431 0.3
-0.183716 1.42688 0.138833 0.3
-0.196365 1.43545 0.305588 0.3
-0.202887 1.4394 0.152508 0.3
-0.209493 1.443 0.150465 0.3
-0.216414 1.44687 0.158571 0.3
-0.229673 1.45428 0.303801 0.3
-0.236552 1.4582 0.158401 0.3
-0.24325 1.46215 0.155458 0.3
-0.250081 1.4658 0.154957 0.3
-0.265375 1.47204 0.330352 0.3
-0.27302 1.4759 0.171284 0.3
-0.280094 1.48063 0.170181 0.3
-0.287065 1.48442 0.158684 0.3
-0.294291 1.48723 0.155091 0.3
-0.307883 1.49351 0.299404 0.3
-0.31407 1.49647 0.137146 0.3
-0.320077 1.49915 0.131619 0.3
-0.333043 1.50543 0.288145 0.3
-0.339516 1.50877 0.145614 0.3
-0.346879 1.51158 0.157634 0.3
-0.35454 1.51366 0.158761 0.3
-0.369207 1.51957 0.316266 0.3
-0.375898 1.52261 0.147026 0.3
-0.382958 1.52505 0.149382 0.3
-0.389919 1.52771 0.149053 0.3
-0.405394 1.53346 0.330111 0.3
-0.413046 1.53662 0.165623 0.3
-0.420537 1.53965 0.161604 0.3
-0.427073 1.5429 0.145953 0.3
-0.441188 1.547 0.293963 0.3
-0.448493 1.5491 0.152022 0.3
-0.456235 1.55149 0.162074 0.3
-0.464516 1.55339 0.169937 0.3
-0.481907 1.55693 0.354945 0.3
-0.489701 1.55943 0.163685 0.3
-0.497293 1.56133 0.156508 0.3
-0.504712 1.56331 0.153588 0.3
-0.518454 1.56715 0.285391 0.3
-0.525799 1.56905 0.151719 0.3
-0.533303 1.57035 0.152327 0.3
-0.540823 1.57167 0.152671 0.3
-0.554983 1.57478 0.289981 0.3
-0.56194 1.57589 0.140884 0.3
-0.568981 1.57699 0.142537 0.3
-0.575861 1.57814 0.139509 0.3
-0.590832 1.58057 0.303355 0.3
-0.598756 1.58141 0.159356 0.3
-0.606541 1.58232 0.156771 0.3
-0.615495 1.58356 0.180776 0.3
-0.633726 1.58396 0.364706 0.3
-0.642447 1.58475 0.17514 0.3
-0.650786 1.58677 0.17158 0.3
-0.659183 1.58768 0.168944 0.3
-0.675146 1.58853 0.319706 0.3
-0.682872 1.58945 0.155607 0.3
-0.690095 1.58988 0.144722 0.3
-0.697387 1.59012 0.145918 0.3
-0.710986 1.59122 0.272866 0.3
-0.717805 1.59201 0.137283 0.3
-0.724784 1.59234 0.139738 0.3
-0.73218 1.59199 0.148082 0.3
-0.748188 1.59123 0.320519 0.3
-0.756684 1.59208 0.170768 0.3
-0.76532 1.59213 0.172723 0.3
-0.773394 1.59161 0.161817 0.3
-0.789309 1.59133 0.318351 0.3
-0.797518 1.59173 0.16438 0.3
-0.805388 1.59201 0.157497 0.3
-0.813037 1.59222 0.153038 0.3
-0.828547 1.59052 0.312065 0.3
-0.837056 1.58956 0.171257 0.3
-0.845274 1.58896 0.164799 0.3
-0.852886 1.58753 0.154911 0.3
-0.86839 1.5846 0.315561 0.3
-0.876017 1.5839 0.153171 0.3
-0.883764 1.58331 0.1554 0.3
-0.891298 1.58236 0.15187 0.3
-0.907389 1.58084 0.323247 0.3
-0.9156 1.57948 0.166451 0.3
-0.923496 1.57793 0.160938 0.3
-0.931192 1.57645 0.156747 0.3
-0.945905 1.57409 0.298035 0.3
-0.952839 1.57245 0.142478 0.3
-0.959896 1.57104 0.143934 0.3
-0.967537 1.56956 0.155678 0.3
-0.983091 1.56615 0.318447 0.3
-0.991092 1.56362 0.167824 0.3
-0.99881 1.56084 0.164075 0.3
-1.00698 1.55909 0.167189 0.3
-1.02222 1.55401 0.321256 0.3
-1.03008 1.55144 0.165402 0.3
-1.03875 1.54957 0.177389 0.3
-1.04764 1.54711 0.184396 0.3
-1.06298 1.54232 0.321489 0.3
-1.0695 1.54054 0.135225 0.3
-1.07664 1.53833 0.149321 0.3
-1.0839 1.53627 0.151031 0.3
-1.09739 1.5321 0.282416 0.3
-1.10429 1.53029 0.14267 0.3
-1.11157 1.52767 0.154746 0.3
-1.11916 1.52438 0.165384 0.3
-1.13379 1.51715 0.326371 0.3
-1.14108 1.51509 0.151561 0.3
-1.1483 1.51273 0.151893 0.3
-1.15513 1.5098 0.148602 0.3
-1.17012 1.50402 0.321345 0.3
-1.17848 1.50102 0.177597 0.3
-1.18686 1.49838 0.175683 0.3
-1.19423 1.49524 0.160383 0.3
-1.20811 1.4876 0.31683 0.3
-1.2159 1.48411 0.170585 0.3
-1.22335 1.47918 0.178776 0.3
-1.22994 1.47556 0.150329 0.3
-1.24195 1.46816 0.282088 0.3
-1.24874 1.4647 0.152405 0.3
-1.25536 1.46139 0.14817 0.3
-1.26184 1.458 0.146172 0.3
-1.27547 1.45099 0.306577 0.3
-1.28219 1.44685 0.157772 0.3
-1.28885 1.4434 0.15002 0.3
-1.2958 1.43947 0.159795 0.3
-1.31023 1.43034 0.341519 0.3
-1.3166 1.42668 0.146877 0.3
-1.32348 1.42175 0.169261 0.3
-1.33006 1.41733 0.158636 0.3
-1.33667 1.41331 0.154666 0.3
-1.35142 1.40121 0.381569 0.3
-1.35847 1.39583 0.177322 0.3
-1.36533 1.38984 0.182055 0.3
-1.37168 1.38519 0.157473 0.3
-1.38409 1.3748 0.32379 0.3
-1.39073 1.37008 0.162888 0.3
-1.3964 1.36597 0.14002 0.3
-1.40253 1.36124 0.154916 0.3
-1.41349 1.35257 0.279408 0.3
-1.41933 1.34844 0.143207 0.3
-1.42506 1.34396 0.14536 0.3
-1.4314 1.33849 0.167536 0.3
-1.44326 1.32909 0.302646 0.3
-1.44871 1.32399 0.149321 0.3
-1.45412 1.31794 0.16224 0.3
-1.45964 1.31163 0.167663 0.3
-1.47178 1.30132 0.31848 0.3
-1.47778 1.29627 0.157036 0.3
-1.48461 1.29134 0.168435 0.3
-1.49109 1.28579 0.170564 0.3
-1.50242 1.27587 0.301208 0.3
-1.50794 1.26999 0.161253 0.3
-1.51269 1.26421 0.149602 0.3
-1.51845 1.25836 0.16421 0.3
-1.52973 1.24623 0.331225 0.3
-1.53487 1.24006 0.160621 0.3
-1.54017 1.2336 0.16731 0.3
-1.54477 1.22705 0.160011 0.3
-1.55542 1.21531 0.316858 0.3
-1.56064 1.20946 0.15692 0.3
-1.56546 1.20378 0.148991 0.3
-1.57041 1.19827 0.148162 0.3
-1.58112 1.1865 0.318144 0.3
-1.58605 1.18014 0.161196 0.3
-1.59048 1.17387 0.153425 0.3
-1.59496 1.16777 0.151259 0.3
-1.60375 1.15631 0.288904 0.3
-1.60812 1.15 0.153626 0.3
-1.61283 1.14383 0.155212 0.3
-1.61793 1.13715 0.168113 0.3
-1.62258 1.12877 0.191697 0.3
-1.63265 1.11059 0.415471 0.3
-1.63743 1.10383 0.16557 0.3
-1.64153 1.09651 0.167984 0.3
-1.64549 1.08962 0.158868 0.3
-1.65409 1.07648 0.314142 0.3
-1.65769 1.07036 0.141889 0.3
-1.66129 1.06407 0.144965 0.3
-1.66551 1.05854 0.13914 0.3
-1.67274 1.04562 0.296198 0.3
-1.67689 1.04007 0.138444 0.3
-1.68032 1.03335 0.151048 0.3
-1.68391 1.02672 0.150745 0.3
-1.69092 1.01213 0.323669 0.3
-1.69425 1.00468 0.163189 0.3
-1.6976 0.995909 0.187837 0.3
-1.70179 0.988422 0.171604 0.3
-1.70951 0.973785 0.331018 0.3
-1.71364 0.967444 0.151315 0.3
-1.7174 0.960238 0.162541 0.3
-1.72043 0.9526 0.16437 0.3
-1.72616 0.937345 0.325898 0.3
-1.72931 0.929819 0.163166 0.3
-1.73186 0.922994 0.145681 0.3
-1.73437 0.915502 0.158038 0.3
-1.73989 0.900273 0.323978 0.3
-1.74162 0.892937 0.150768 0.3
-1.74373 0.885486 0.154836 0.3
-1.74704 0.878034 0.163081 0.3
-1.75332 0.86227 0.339422 0.3
-1.75617 0.854526 0.165043 0.3
-1.75859 0.847889 0.141275 0.3
-1.76147 0.841314 0.143521 0.3
-1.76563 0.825789 0.32146 0.3
-1.76767 0.81911 0.139713 0.3
-1.76959 0.812223 0.142944 0.3
-1.77172 0.804439 0.161424 0.3
-1.77632 0.78848 0.332169 0.3
-1.77746 0.780567 0.1599 0.3
-1.77895 0.77169 0.18004 0.3
-1.78049 0.763787 0.161026 0.3
-1.78193 0.752836 0.220892 0.3
-1.7848 0.736945 0.322976 0.3
-1.78595 0.728702 0.16644 0.3
-1.78784 0.720887 0.160806 0.3
-1.78991 0.713211 0.15901 0.3
-1.79265 0.698012 0.308877 0.3
-1.79427 0.690753 0.148769 0.3
-1.79689 0.683243 0.159058 0.3
-1.7979 0.677583 0.115016 0.3
-1.80069 0.663151 0.293972 0.3
-1.80197 0.656363 0.138146 0.3
-1.80275 0.647209 0.183751 0.3
-1.80317 0.639702 0.150374 0.3
-1.80368 0.624774 0.298729 0.3
-1.80485 0.61598 0.177436 0.3
-1.80568 0.60792 0.162057 0.3
-1.80705 0.599813 0.164456 0.3
-1.80979 0.583434 0.332125 0.3
-1.80974 0.575565 0.157383 0.3
-1.80925 0.567387 0.163864 0.3
-1.80938 0.559147 0.164821 0.3
-1.80975 0.542535 0.332325 0.3
-1.80964 0.534831 0.154099 0.3
-1.8093 0.527698 0.142816 0.3
-1.8093 0.520981 0.134339 0.3
-1.80709 0.504445 0.333655 0.3
-1.80718 0.49658 0.15731 0.3
-1.80758 0.488893 0.153952 0.3
-1.8075 0.481079 0.156289 0.3
-1.80718 0.465548 0.310685 0.3
-1.80741 0.457911 0.152808 0.3
-1.80719 0.450015 0.15798 0.3
-1.80623 0.44222 0.157078 0.3
-1.80482 0.425411 0.337359 0.3
-1.804 0.417668 0.15573 0.3
-1.80377 0.410537 0.142695 0.3
-1.8022 0.402037 0.172868 0.3
-1.79902 0.385057 0.345515 0.3
-1.7965 0.376921 0.170317 0.3
-1.79469 0.367876 0.184506 0.3
-1.79385 0.358921 0.179881 0.3
-1.78979 0.342814 0.332211 0.3
-1.78827 0.334897 0.161251 0.3
-1.78756 0.327285 0.152905 0.3
-1.78652 0.320388 0.139482 0.3
-1.78406 0.305934 0.293243 0.3
-1.78312 0.298245 0.154927 0.3
-1.78199 0.290371 0.159094 0.3
-1.78037 0.282803 0.154772 0.3
-1.77688 0.267746 0.309155 0.3
-1.77515 0.260396 0.151003 0.3
-1.77309 0.252941 0.154666 0.3
-1.77008 0.245557 0.159486 0.3
-1.76577 0.230128 0.320415 0.3
-1.7639 0.22085 0.189296 0.3
-1.7619 0.212787 0.166113 0.3
-1.76034 0.205469 0.149649 0.3
-1.75561 0.19137 0.29747 0.3
-1.75256 0.184587 0.148686 0.3
-1.75011 0.177046 0.15858 0.3
-1.74767 0.169643 0.155889 0.3
-1.74117 0.15253 0.366174 0.3
-1.73813 0.145467 0.153726 0.3
-1.73534 0.138784 0.144847 0.3
-1.73175 0.13158 0.161007 0.3
-1.72509 0.117164 0.317584 0.3
-1.7227 0.110205 0.147205 0.3
-1.72032 0.103818 0.136285 0.3
-1.71763 0.096787 0.150582 0.3
-1.7123 0.08238 0.307247 0.3
-1.70948 0.075557 0.147603 0.3
-1.7062 0.068943 0.147644 0.3
-1.70304 0.062411 0.145124 0.3
-1.7001 0.055873 0.14343 0.3
-1.69401 0.042335 0.296895 0.3
-1.68992 0.034849 0.170532 0.3
-1.68502 0.026846 0.187721 0.3
-1.6747 0.011514 0.369656 0.3
-1.67 0.004307 0.172104 0.3
-1.66579 -0.003182 0.171746 0.3
-1.66156 -0.010366 0.166737 0.3
-1.65323 -0.022493 0.294303 0.3
-1.6497 -0.028659 0.14207 0.3
-1.64621 -0.035228 0.148751 0.3
-1.64262 -0.041638 0.146966 0.3
-1.63573 -0.053769 0.279023 0.3
-1.63248 -0.060026 0.14106 0.3
-1.62894 -0.066103 0.140597 0.3
-1.625 -0.072038 0.142464 0.3
-1.61678 -0.084843 0.30438 0.3
-1.61233 -0.091416 0.158743 0.3
-1.60712 -0.098193 0.170904 0.3
-1.60121 -0.104631 0.174868 0.3
-1.59162 -0.11789 0.32725 0.3
-1.58778 -0.125111 0.163589 0.3
-1.5835 -0.131686 0.156896 0.3
-1.57951 -0.137713 0.144538 0.3
-1.5698 -0.149531 0.305947 0.3
-1.56413 -0.155698 0.167467 0.3
-1.55911 -0.162239 0.164992 0.3
-1.55461 -0.168433 0.153144 0.3
-1.5451 -0.180528 0.307659 0.3
-1.54008 -0.186414 0.154667 0.3
-1.53531 -0.192566 0.155693 0.3
-1.52987 -0.199008 0.168749 0.3
-1.51898 -0.212546 0.347463 0.3
-1.51496 -0.219623 0.162791 0.3
-1.51087 -0.226307 0.15668 0.3
-1.50664 -0.232666 0.152703 0.3
-1.49766 -0.245816 0.318474 0.3
-1.49361 -0.252459 0.155657 0.3
-1.48986 -0.259268 0.155486 0.3
-1.48618 -0.266704 0.165944 0.3
-1.48244 -0.274536 0.173514 0.3
-1.47262 -0.288906 0.348154 0.3
-1.46755 -0.295402 0.164856 0.3
-1.46301 -0.301697 0.155215 0.3
-1.45863 -0.307916 0.152121 0.3
-1.4492 -0.322529 0.347787 0.3
-1.44492 -0.330518 0.181275 0.3
-1.43941 -0.337935 0.184793 0.3
-1.4311 -0.351572 0.319399 0.3
-1.42828 -0.357934 0.13918 0.3
-1.42589 -0.364562 0.140875 0.3
-1.4237 -0.371744 0.150181 0.3
-1.42152 -0.379288 0.157047 0.3
-1.41529 -0.395271 0.343115 0.3
-1.41185 -0.403389 0.176366 0.3
-1.40791 -0.410847 0.168678 0.3
-1.4013 -0.423923 0.292989 0.3
-1.3991 -0.430941 0.147084 0.3
-1.39628 -0.438171 0.155282 0.3
-1.39192 -0.448378 0.22193 0.3
-1.38841 -0.45714 0.188771 0.3
-1.38489 -0.465744 0.185946 0.3
-1.37801 -0.480011 0.316802 0.3
-1.37509 -0.486532 0.142858 0.3
-1.37199 -0.493253 0.14803 0.3
-1.36906 -0.50069 0.159867 0.3
-1.36466 -0.51433 0.28668 0.3
-1.36244 -0.521171 0.143806 0.3
-1.36004 -0.528243 0.149357 0.3
-1.35764 -0.535545 0.153738 0.3
-1.35565 -0.550134 0.294488 0.3
-1.35461 -0.556675 0.132448 0.3
-1.35342 -0.562953 0.127825 0.3
-1.35184 -0.569461 0.133927 0.3
-1.34799 -0.583413 0.289475 0.3
-1.34675 -0.590749 0.148805 0.3
-1.34583 -0.597884 0.143883 0.3
-1.34492 -0.60487 0.140883 0.3
-1.34307 -0.618662 0.278334 0.3
-1.34147 -0.62561 0.142556 0.3
-1.3403 -0.632538 0.140533 0.3
-1.33888 -0.639691 0.145859 0.3
-1.33576 -0.655466 0.321592 0.3
-1.33477 -0.662559 0.14324 0.3
-1.33388 -0.669383 0.137639 0.3
-1.33324 -0.676109 0.135124 0.3
-1.3318 -0.690377 0.286809 0.3
-1.33068 -0.697509 0.144413 0.3
-1.3292 -0.704767 0.148119 0.3
-1.32698 -0.712236 0.155851 0.3
-1.32291 -0.728302 0.33149 0.3
-1.31995 -0.736243 0.169439 0.3
-1.31655 -0.743799 0.165788 0.3
-1.31278 -0.751102 0.164309 0.3
-1.30636 -0.765177 0.309394 0.3
-1.30302 -0.772597 0.162799 0.3
-1.29926 -0.780965 0.183412 0.3
-1.29601 -0.789488 0.182483 0.3
-1.2903 -0.805836 0.346291 0.3
-1.28746 -0.813704 0.167332 0.3
-1.28377 -0.820521 0.155003 0.3
-1.2802 -0.826749 0.143574 0.3
-1.27266 -0.842376 0.347018 0.3
-1.26785 -0.851114 0.199468 0.3
-1.26225 -0.859 0.193535 0.3
-1.25668 -0.866145 0.181192 0.3
-1.2473 -0.879764 0.330654 0.3
-1.24274 -0.886918 0.169664 0.3
-1.23895 -0.893868 0.158316 0.3
-1.2351 -0.900938 0.161014 0.3
-1.22663 -0.915565 0.338118 0.3
-1.2226 -0.92267 0.163299 0.3
-1.21933 -0.928499 0.133719 0.3
-1.21548 -0.933658 0.128673 0.3
-1.20504 -0.946037 0.323898 0.3
-1.20107 -0.953477 0.168632 0.3
-1.1971 -0.960627 0.163661 0.3
-1.19122 -0.967745 0.184613 0.3
-1.18192 -0.982689 0.352062 0.3
-1.17724 -0.989501 0.165215 0.3
-1.17214 -0.996121 0.167159 0.3
-1.16819 -1.00336 0.164958 0.3
-1.15945 -1.01638 0.313589 0.3
-1.15447 -1.02252 0.158209 0.3
-1.15054 -1.02876 0.147479 0.3
-1.14584 -1.03472 0.151807 0.3
-1.13637 -1.04602 0.294876 0.3
-1.1322 -1.05191 0.144232 0.3
-1.12831 -1.05757 0.137352 0.3
-1.12374 -1.06308 0.143174 0.3
-1.11335 -1.0752 0.319399 0.3
-1.10796 -1.08195 0.17265 0.3
-1.10229 -1.08825 0.16958 0.3
-1.09554 -1.09375 0.174045 0.3
-1.08385 -1.10588 0.336995 0.3
-1.07878 -1.11258 0.168022 0.3
-1.07406 -1.11845 0.150537 0.3
-1.06852 -1.12379 0.153894 0.3
-1.05578 -1.13311 0.315756 0.3
-1.04916 -1.13872 0.17349 0.3
-1.0429 -1.14392 0.162891 0.3
-1.03677 -1.14854 0.153413 0.3
-1.02436 -1.15768 0.30836 0.3
-1.01889 -1.16354 0.160345 0.3
-1.01254 -1.16813 0.156593 0.3
-1.00607 -1.17264 0.157888 0.3
-0.992075 -1.18255 0.34295 0.3
-0.984536 -1.18617 0.167211 0.3
-0.979013 -1.19267 0.17056 0.3
-0.972516 -1.19577 0.144018 0.3
-0.961517 -1.20572 0.296649 0.3
-0.955488 -1.21036 0.152166 0.3
-0.948646 -1.21279 0.145174 0.3
-0.942984 -1.21899 0.168016 0.3
-0.929328 -1.2261 0.30791 0.3
-0.923073 -1.23061 0.154193 0.3
-0.915445 -1.23329 0.161714 0.3
-0.908452 -1.23871 0.176964 0.3
-0.893839 -1.24495 0.317805 0.3
-0.886948 -1.25075 0.180116 0.3
-0.87837 -1.25242 0.174785 0.3
-0.870279 -1.25625 0.179033 0.3
-0.855598 -1.26434 0.335192 0.3
-0.849532 -1.26818 0.143553 0.3
-0.843479 -1.27178 0.140874 0.3
-0.837523 -1.27529 0.138317 0.3
-0.825788 -1.28238 0.274188 0.3
-0.819445 -1.28558 0.142072 0.3
-0.812495 -1.28774 0.145553 0.3
-0.805669 -1.29082 0.149782 0.3
-0.792729 -1.29792 0.295265 0.3
-0.786157 -1.30119 0.146731 0.3
-0.77889 -1.30332 0.151449 0.3
-0.770454 -1.30469 0.170944 0.3
-0.756596 -1.31311 0.324297 0.3
-0.749247 -1.3171 0.167218 0.3
-0.741255 -1.32066 0.174989 0.3
-0.732981 -1.32339 0.17428 0.3
-0.717195 -1.32809 0.329412 0.3
-0.710341 -1.33024 0.143666 0.3
-0.702629 -1.33249 0.16068 0.3
-0.694961 -1.33474 0.159843 0.3
-0.679227 -1.33948 0.328616 0.3
-0.671568 -1.34148 0.158317 0.3
-0.664614 -1.34326 0.143593 0.3
-0.65738 -1.34448 0.146694 0.3
-0.642744 -1.34855 0.303859 0.3
-0.636036 -1.35096 0.14257 0.3
-0.629729 -1.35335 0.134886 0.3
-0.623071 -1.35564 0.140816 0.3
-0.607988 -1.36008 0.314448 0.3
-0.600672 -1.36152 0.149116 0.3
-0.592735 -1.36307 0.161731 0.3
-0.585735 -1.36477 0.144107 0.3
-0.569909 -1.36805 0.323247 0.3
-0.561857 -1.36869 0.161541 0.3
-0.553565 -1.36955 0.166741 0.3
-0.545566 -1.36949 0.159986 0.3
-0.529293 -1.37163 0.328255 0.3
-0.521206 -1.37212 0.16204 0.3
-0.513478 -1.37305 0.155674 0.3
-0.505744 -1.37322 0.154721 0.3
-0.491667 -1.37391 0.281869 0.3
-0.484624 -1.37503 0.142636 0.3
-0.477564 -1.37633 0.143566 0.3
-0.470233 -1.37758 0.148753 0.3
-0.454812 -1.37996 0.312068 0.3
-0.447202 -1.38081 0.153149 0.3
-0.439838 -1.38141 0.147765 0.3
-0.432652 -1.38188 0.144027 0.3
-0.41811 -1.38286 0.291501 0.3
-0.410827 -1.38362 0.146441 0.3
-0.403222 -1.38398 0.152277 0.3
-0.394801 -1.38346 0.168742 0.3
-0.378494 -1.38443 0.326715 0.3
-0.371229 -1.38703 0.154297 0.3
-0.364183 -1.38586 0.14283 0.3
-0.357124 -1.38521 0.141788 0.3
-0.341286 -1.38442 0.31715 0.3
-0.332637 -1.38392 0.173272 0.3
-0.323919 -1.38342 0.174642 0.3
-0.315222 -1.38279 0.1744 0.3
-0.298898 -1.3811 0.328227 0.3
-0.291765 -1.38054 0.143099 0.3
-0.284138 -1.37992 0.153042 0.3
-0.276187 -1.37847 0.161642 0.3
-0.260317 -1.37898 0.317565 0.3
-0.2523 -1.37883 0.160368 0.3
-0.24469 -1.37842 0.152424 0.3
-0.237889 -1.37768 0.136814 0.3
-0.224117 -1.37624 0.276954 0.3
-0.216889 -1.37555 0.145217 0.3
-0.209434 -1.37304 0.157279 0.3
-0.20226 -1.37199 0.145023 0.3
-0.186295 -1.36962 0.322796 0.3
-0.177826 -1.36576 0.186136 0.3
-0.168716 -1.36471 0.183406 0.3
-0.160836 -1.36097 0.174451 0.3
-0.144434 -1.36121 0.328075 0.3
-0.136027 -1.35853 0.176495 0.3
-0.128159 -1.35617 0.164246 0.3
-0.120357 -1.35428 0.160572 0.3
-0.105625 -1.35036 0.304897 0.3
-0.098333 -1.34856 0.150194 0.3
-0.091764 -1.34732 0.133715 0.3
-0.085556 -1.34633 0.125735 0.3
-0.073099 -1.34373 0.254501 0.3
-0.067095 -1.34162 0.127266 0.3
-0.059921 -1.33993 0.147416 0.3
-0.052605 -1.33773 0.152781 0.3
-0.036728 -1.33168 0.339785 0.3
-0.029489 -1.32881 0.155773 0.3
-0.021727 -1.32634 0.162934 0.3
-0.014468 -1.32312 0.158798 0.3
-2.2e-05 -1.31868 0.302265 0.3
0.007582 -1.3174 0.154206 0.3
0.014418 -1.31447 0.14875 0.3
0.021558 -1.31124 0.156732 0.3
0.036879 -1.30559 0.326605 0.3
0.04366 -1.30118 0.161788 0.3
0.050602 -1.29781 0.154335 0.3
0.05733 -1.29471 0.148132 0.3
0.070564 -1.28866 0.291068 0.3
0.077503 -1.28535 0.153735 0.3
0.084894 -1.2827 0.157007 0.3
0.091686 -1.27801 0.165079 0.3
0.106111 -1.26956 0.334405 0.3
0.112979 -1.26674 0.148458 0.3
0.120379 -1.26458 0.154176 0.3
0.126972 -1.26179 0.143204 0.3
0.139181 -1.25585 0.271547 0.3
0.145476 -1.25222 0.145292 0.3
0.152319 -1.24872 0.153758 0.3
0.159238 -1.2451 0.156213 0.3
0.172934 -1.2364 0.324427 0.3
0.179845 -1.23159 0.168424 0.3
0.186697 -1.22645 0.171313 0.3
0.193199 -1.22166 0.161506 0.3
0.207727 -1.21231 0.345524 0.3
0.215398 -1.20676 0.189375 0.3
0.22281 -1.20068 0.191734 0.3
0.229588 -1.19581 0.166946 0.3
0.241012 -1.18696 0.289032 0.3
0.247114 -1.18225 0.154155 0.3
0.253288 -1.17806 0.14923 0.3
0.259207 -1.17468 0.136322 0.3
0.270684 -1.1672 0.273986 0.3
0.276545 -1.16272 0.147506 0.3
0.282017 -1.15625 0.169536 0.3
0.288675 -1.15336 0.145171 0.3
0.299687 -1.14243 0.310239 0.3
0.305362 -1.13941 0.128589 0.3
0.310478 -1.13302 0.163762 0.3
0.31681 -1.12761 0.166606 0.3
0.329277 -1.11506 0.353769 0.3
0.336474 -1.11024 0.173239 0.3
0.342277 -1.10451 0.163076 0.3
0.347139 -1.09845 0.155339 0.3
0.358903 -1.08755 0.320833 0.3
0.364196 -1.08157 0.159644 0.3
0.369492 -1.07565 0.158939 0.3
0.374975 -1.07007 0.156404 0.3
0.38545 -1.05895 0.305565 0.3
0.390639 -1.0533 0.153396 0.3
0.395692 -1.0478 0.149317 0.3
0.400641 -1.04197 0.153007 0.3
0.409724 -1.03032 0.295462 0.3
0.41503 -1.02515 0.148209 0.3
0.420621 -1.02022 0.14899 0.3
0.425895 -1.01484 0.150763 0.3
0.436328 -1.0036 0.306685 0.3
0.441316 -0.997969 0.150451 0.3
0.446163 -0.992474 0.146544 0.3
0.451167 -0.986764 0.151847 0.3
0.460414 -0.973573 0.322186 0.3
0.465053 -0.966736 0.165245 0.3
0.469584 -0.959727 0.166921 0.3
0.474313 -0.952352 0.175219 0.3
0.483566 -0.938044 0.340785 0.3
0.48741 -0.930789 0.164209 0.3
0.491348 -0.923931 0.158164 0.3
0.495943 -0.917973 0.150482 0.3
0.500007 -0.912142 0.14215 0.3
0.505099 -0.902887 0.211266 0.3
0.514642 -0.890553 0.311895 0.3
0.519374 -0.883969 0.162161 0.3
0.523393 -0.877673 0.149388 0.3
0.527604 -0.87103 0.157305 0.3
0.535511 -0.85866 0.293624 0.3
0.539188 -0.852427 0.144735 0.3
0.542907 -0.846108 0.146643 0.3
0.546869 -0.839102 0.160974 0.3
0.555182 -0.82462 0.333967 0.3
0.558284 -0.816948 0.165508 0.3
0.56228 -0.810177 0.157244 0.3
0.566351 -0.804004 0.147891 0.3
0.571937 -0.790471 0.292811 0.3
0.575183 -0.783361 0.156318 0.3
0.578929 -0.775254 0.178613 0.3
0.582484 -0.766609 0.186948 0.3
0.588648 -0.750101 0.352426 0.3
0.591665 -0.742941 0.155393 0.3
0.594685 -0.7361 0.149559 0.3
0.597623 -0.729032 0.153087 0.3
0.60254 -0.714907 0.299127 0.3
0.604955 -0.707813 0.149875 0.3
0.607492 -0.700085 0.162676 0.3
0.610535 -0.693022 0.153812 0.3
0.616278 -0.680362 0.278034 0.3
0.618846 -0.674197 0.133569 0.3
0.621575 -0.667546 0.143783 0.3
0.624133 -0.660702 0.146128 0.3
0.626737 -0.653757 0.148343 0.3
0.631875 -0.635864 0.372321 0.3
0.634215 -0.626511 0.192826 0.3
0.636163 -0.617182 0.190603 0.3
0.637971 -0.608523 0.176915 0.3
0.6412 -0.591966 0.337379 0.3
0.642743 -0.583258 0.176873 0.3
0.643833 -0.576004 0.146708 0.3
0.64451 -0.569478 0.131221 0.3
0.647387 -0.55596 0.276415 0.3
0.648551 -0.548455 0.151894 0.3
0.649834 -0.541338 0.144634 0.3
0.651848 -0.534603 0.140594 0.3
0.655543 -0.520569 0.290245 0.3
0.656918 -0.513681 0.140478 0.3
0.658767 -0.506278 0.152609 0.3
0.66036 -0.498488 0.159024 0.3
0.663016 -0.482154 0.330971 0.3
0.664147 -0.473559 0.173382 0.3
0.665347 -0.465634 0.160307 0.3
0.66675 -0.458065 0.153958 0.3
0.667901 -0.442218 0.317775 0.3
0.668871 -0.43481 0.149425 0.3
0.669753 -0.426702 0.163117 0.3
0.66963 -0.418794 0.158179 0.3
0.670548 -0.402773 0.320946 0.3
0.670572 -0.395015 0.155161 0.3
0.670263 -0.387103 0.158361 0.3
0.670589 -0.378837 0.165449 0.3
0.670699 -0.363489 0.306968 0.3
0.671131 -0.355376 0.16249 0.3
0.670975 -0.347107 0.16541 0.3
0.670625 -0.338285 0.176579 0.3
0.669625 -0.321857 0.329168 0.3
0.669695 -0.313877 0.159607 0.3
0.670035 -0.306424 0.149215 0.3
0.670329 -0.29897 0.149195 0.3
0.670722 -0.284439 0.290727 0.3
0.670951 -0.276347 0.161905 0.3
0.670736 -0.268319 0.160618 0.3
0.669985 -0.259693 0.173173 0.3
0.668663 -0.251352 0.168902 0.3
0.665858 -0.232621 0.378798 0.3
0.664527 -0.224397 0.16662 0.3
0.663018 -0.216128 0.168111 0.3
0.661497 -0.207463 0.17595 0.3
0.657813 -0.18985 0.359883 0.3
0.656156 -0.182169 0.157154 0.3
0.655271 -0.175008 0.14431 0.3
0.654445 -0.167759 0.145918 0.3
0.651624 -0.153446 0.291767 0.3
0.651189 -0.145937 0.150432 0.3
0.650481 -0.138233 0.154729 0.3
0.648995 -0.130521 0.157077 0.3
0.646339 -0.115262 0.309768 0.3
0.645001 -0.107912 0.149416 0.3
0.64376 -0.100708 0.146202 0.3
0.642161 -0.093333 0.150927 0.3
0.638917 -0.077964 0.314153 0.3
0.637514 -0.06989 0.1639 0.3
0.63534 -0.061195 0.179253 0.3
0.632525 -0.052677 0.179422 0.3
0.629254 -0.042587 0.212139 0.3
0.62618 -0.03291 0.20307 0.3
0.621103 -0.017411 0.326187 0.3
0.618315 -0.009836 0.161436 0.3
0.615406 -0.002125 0.164829 0.3
0.612264 0.005803 0.170558 0.3
0.606612 0.021417 0.332109 0.3
0.604012 0.02846 0.150152 0.3
0.601342 0.035466 0.149951 0.3
0.598544 0.04228 0.147322 0.3
0.595791 0.049241 0.149713 0.3
0.589025 0.065296 0.348449 0.3
0.586462 0.073312 0.168315 0.3
0.583831 0.080918 0.160964 0.3
0.5813 0.088265 0.155415 0.3
0.576208 0.102392 0.300334 0.3
0.573129 0.109594 0.156651 0.3
0.569249 0.116806 0.163789 0.3
0.564846 0.12435 0.174698 0.3
0.560533 0.13207 0.176862 0.3
0.550524 0.149045 0.394122 0.3
0.546194 0.156077 0.165164 0.3
0.541539 0.163225 0.170602 0.3
0.537431 0.170282 0.163312 0.3
0.52892 0.182933 0.304949 0.3
0.525608 0.189326 0.144 0.3
0.522355 0.195705 0.143211 0.3
0.518268 0.202145 0.152548 0.3
0.510798 0.216092 0.31643 0.3
0.50687 0.222883 0.156904 0.3
0.502766 0.229756 0.160101 0.3
0.499097 0.236369 0.151253 0.3
0.491609 0.249166 0.296535 0.3
0.487447 0.255519 0.151899 0.3
0.483037 0.26213 0.158938 0.3
0.478499 0.269407 0.171521 0.3
0.469952 0.282995 0.321051 0.3
0.465251 0.289208 0.155821 0.3
0.45969 0.295 0.160589 0.3
0.454706 0.30122 0.15941 0.3
0.444688 0.31402 0.325085 0.3
0.439433 0.320285 0.163542 0.3
0.433355 0.327274 0.185244 0.3
0.427528 0.333128 0.165195 0.3
0.416283 0.345344 0.332072 0.3
0.411463 0.351715 0.159777 0.3
0.406668 0.357271 0.14678 0.3
0.401172 0.362792 0.155804 0.3
0.391018 0.374489 0.30979 0.3
0.385497 0.380567 0.164224 0.3
0.37995 0.385871 0.153495 0.3
0.37461 0.391182 0.150628 0.3
0.365176 0.402767 0.298806 0.3
0.360649 0.408077 0.139556 0.3
0.355836 0.413422 0.143852 0.3
0.350794 0.419432 0.156898 0.3
0.337235 0.431741 0.366255 0.3
0.329616 0.43764 0.192715 0.3
0.322558 0.443286 0.180768 0.3
0.315283 0.449293 0.188689 0.3
0.302295 0.459329 0.328274 0.3
0.296101 0.463873 0.15364 0.3
0.290234 0.468596 0.150637 0.3
0.28496 0.472646 0.132992 0.3
0.273407 0.482107 0.298652 0.3
0.268218 0.487429 0.14866 0.3
0.262177 0.492597 0.159 0.3
0.25607 0.497516 0.156834 0.3
0.24516 0.509542 0.324747 0.3
0.239788 0.515524 0.160802 0.3
0.234473 0.521393 0.158359 0.3
0.22878 0.527622 0.168773 0.3
0.215542 0.538302 0.340181 0.3
0.208115 0.544145 0.188998 0.3
0.202415 0.549853 0.161334 0.3
0.196525 0.556504 0.177683 0.3
0.18456 0.568015 0.332062 0.3
0.178985 0.573337 0.154149 0.3
0.173371 0.578882 0.157815 0.3
0.16698 0.584301 0.167584 0.3
0.153869 0.596403 0.356851 0.3
0.148429 0.602901 0.16949 0.3
0.143461 0.609027 0.157746 0.3
0.138677 0.614667 0.147913 0.3
0.13379 0.621011 0.160162 0.3
0.123638 0.636289 0.366868 0.3
0.118223 0.642848 0.170109 0.3
0.113731 0.648108 0.138341 0.3
0.105548 0.661315 0.310733 0.3
0.101748 0.668207 0.157403 0.3
0.098132 0.674663 0.147994 0.3
0.0938 0.682744 0.183378 0.3
0.090258 0.689838 0.158581 0.3
0.083165 0.703663 0.310768 0.3
0.07901 0.710193 0.154796 0.3
0.075221 0.716817 0.152623 0.3
0.070865 0.723636 0.161831 0.3
0.062911 0.736471 0.301996 0.3
0.059381 0.742853 0.145864 0.3
0.055833 0.74914 0.144382 0.3
0.052875 0.75578 0.145381 0.3
0.046736 0.769375 0.298337 0.3
0.043748 0.775392 0.134361 0.3
0.040699 0.781583 0.138022 0.3
0.037641 0.788009 0.14233 0.3
0.031669 0.801103 0.287832 0.3
0.028176 0.807597 0.147476 0.3
0.02573 0.814232 0.14143 0.3
0.023717 0.821266 0.146328 0.3
0.021539 0.828303 0.147327 0.3
0.017259 0.842027 0.287519 0.3
0.014688 0.848743 0.143826 0.3
0.01244 0.856127 0.154372 0.3
0.00763 0.872344 0.338306 0.3
0.00533 0.880155 0.162852 0.3
0.002468 0.887293 0.153807 0.3
-0.000516 0.893877 0.144574 0.3
-0.003258 0.900544 0.144176 0.3
-0.007718 0.914379 0.290723 0.3
-0.010232 0.921094 0.143404 0.3
-0.01281 0.927678 0.141414 0.3
-0.017982 0.942249 0.309234 0.3
-0.019562 0.949297 0.144459 0.3
-0.021767 0.956591 0.1524 0.3
-0.023407 0.963439 0.140832 0.3
-0.027184 0.976257 0.267259 0.3
-0.028702 0.98283 0.134919 0.3
-0.030137 0.990694 0.159877 0.3
-0.030855 0.997166 0.130234 0.3
-0.033461 1.0114 0.289452 0.3
-0.034323 1.01888 0.150451 0.3
-0.03522 1.02617 0.146959 0.3
-0.036982 1.03365 0.153753 0.3
-0.038787 1.04087 0.148824 0.3
-0.042699 1.05572 0.307115 0.3
-0.044929 1.06304 0.153062 0.3
-0.04677 1.07052 0.154044 0.3
-0.049235 1.08507 0.295146 0.3
-0.050018 1.09151 0.12983 0.3
-0.051022 1.09819 0.13504 0.3
-0.051773 1.10485 0.134025 0.3
-0.052836 1.1117 0.13864 0.3
-0.054425 1.12487 0.265429 0.3
-0.054776 1.13247 0.152082 0.3
-0.055662 1.14111 0.173707 0.3
-0.057439 1.15694 0.318668 0.3
-0.057596 1.16435 0.148034 0.3
-0.058007 1.17168 0.147029 0.3
-0.05825 1.17877 0.141723 0.3
-0.059411 1.19256 0.276757 0.3
-0.059754 1.20054 0.159747 0.3
-0.060281 1.20839 0.157473 0.3
-0.060267 1.21629 0.1579 0.3
-0.060808 1.22476 0.169865 0.3
-0.062237 1.23983 0.302711 0.3
-0.062799 1.2462 0.127815 0.3
-0.063562 1.25436 0.163912 0.3
-0.063882 1.26243 0.161667 0.3
-0.06516 1.27855 0.323392 0.3
-0.065877 1.2865 0.159666 0.3
-0.06631 1.29417 0.153605 0.3
-0.066391 1.30216 0.159668 0.3
-0.065927 1.3178 0.313098 0.3
-0.066282 1.32464 0.136903 0.3
-0.066118 1.33094 0.126004 0.3
-0.065687 1.33801 0.141821 0.3
-0.064515 1.35232 0.28704 0.3
-0.064076 1.359 0.133829 0.3
-0.063024 1.36517 0.125318 0.3
-0.062136 1.37207 0.139019 0.3
-0.061168 1.37997 0.159163 0.3
-0.060633 1.39671 0.33497 0.3
-0.060633 1.39671 0 0.3
-0.060633 1.39671 0 0.3
-0.060633 1.39671 0 0.3
-0.060633 1.39671 0 0.3
