x       y       velocity      desired vel
2.23688 0.32323 45.2023 0.3
2.23689 0.323238 0.000238001 0.3
2.23687 0.323204 0.000798617 0.3
2.23688 0.323234 0.000640136 0.3
2.23686 0.323207 0.000629887 0.3
2.23686 0.323226 0.000387855 0.3
2.23689 0.323223 0.000580105 0.3
2.23686 0.323211 0.000533654 0.3
2.23684 0.323227 0.00051235 0.3
2.23685 0.323219 0.000188532 0.3
2.23684 0.323219 0.000219345 0.3
2.23687 0.323207 0.000642628 0.3
2.23686 0.323235 0.000577096 0.3
2.23495 0.32291 0.0386874 0.3
2.23686 0.323218 0.0386316 0.3
2.23684 0.32321 0.000431221 0.3
2.23499 0.322906 0.0376117 0.3
2.23496 0.322909 0.000565879 0.3
2.23687 0.323236 0.0387975 0.3
2.23686 0.323202 0.000703238 0.3
2.23687 0.323226 0.000535787 0.3
2.23687 0.323242 0.000320645 0.3
2.23686 0.323238 0.000288034 0.3
2.23686 0.32322 0.000368444 0.3
2.23688 0.323198 0.000608358 0.3
2.23685 0.323186 0.000520912 0.3
2.23688 0.32324 0.00117491 0.3
2.23685 0.323235 0.000566815 0.3
2.23687 0.323218 0.000480054 0.3
2.23687 0.323226 0.000161467 0.3
2.23685 0.323189 0.000791945 0.3
2.23686 0.32323 0.00082625 0.3
2.23686 0.323226 9.06696e-05 0.3
2.23686 0.323206 0.000401762 0.3
2.23684 0.323216 0.000464703 0.3
2.23684 0.323201 0.000310577 0.3
2.23687 0.323211 0.000482242 0.3
2.23685 0.323212 0.000401026 0.3
2.23686 0.323215 0.000227456 0.3
2.23496 0.322905 0.038464 0.3
2.23687 0.323225 0.0387929 0.3
2.23687 0.323204 0.000427375 0.3
2.23494 0.322898 0.0390209 0.3
2.23688 0.323228 0.0392589 0.3
2.23686 0.323196 0.000699247 0.3
2.23687 0.323229 0.000671092 0.3
2.23685 0.323211 0.00053502 0.3
2.23685 0.323213 0.000103391 0.3
2.23684 0.323225 0.000297558 0.3
2.23685 0.323221 0.000159692 0.3
2.23498 0.322919 0.0378829 0.3
2.23687 0.323245 0.0383758 0.3
2.23686 0.323216 0.000653139 0.3
2.23689 0.323246 0.000894187 0.3
2.23495 0.322904 0.0394784 0.3
2.23687 0.323215 0.0389614 0.3
2.23687 0.323206 0.000180006 0.3
2.23687 0.323211 0.00011777 0.3
2.23683 0.32319 0.000764755 0.3
2.23685 0.323211 0.000474016 0.3
2.23684 0.323203 0.000211731 0.3
2.23689 0.323228 0.00115354 0.3
2.23684 0.323173 0.00144675 0.3
2.23687 0.323212 0.000959168 0.3
2.23494 0.322889 0.0391556 0.3
2.23688 0.323226 0.0394189 0.3
2.23689 0.323212 0.000323672 0.3
2.23686 0.323188 0.000768897 0.3
2.23687 0.323231 0.00087114 0.3
2.23686 0.323211 0.00040402 0.3
2.2369 0.323212 0.000739359 0.3
2.23687 0.323213 0.000682178 0.3
2.23686 0.32321 0.000133548 0.3
2.23688 0.323215 0.000449974 0.3
2.23686 0.323212 0.000405042 0.3
2.23684 0.323225 0.000526387 0.3
2.23496 0.322904 0.0381052 0.3
2.23684 0.323233 0.0380527 0.3
2.23687 0.32322 0.000765487 0.3
2.23685 0.323193 0.000749508 0.3
2.23511 0.322639 0.0365211 0.3
2.23687 0.323244 0.0372399 0.3
2.23686 0.323202 0.000841776 0.3
2.23687 0.323207 0.000141193 0.3
2.23686 0.323226 0.00042979 0.3
2.23684 0.323184 0.000914683 0.3
2.23685 0.323218 0.000728348 0.3
2.23688 0.323228 0.000482242 0.3
2.23687 0.323232 0.000128088 0.3
2.23683 0.323219 0.000842185 0.3
2.23688 0.323228 0.000919023 0.3
2.23686 0.323218 0.000464959 0.3
2.23687 0.323209 0.00029874 0.3
2.23691 0.323224 0.000873445 0.3
2.23688 0.323226 0.000578353 0.3
2.23683 0.323211 0.00108646 0.3
2.23684 0.323238 0.000629376 0.3
2.23495 0.322912 0.0383382 0.3
2.23684 0.323213 0.0382564 0.3
2.23495 0.322892 0.0384813 0.3
2.23682 0.323209 0.0381105 0.3
2.23495 0.322902 0.0380166 0.3
2.23685 0.323218 0.0385776 0.3
2.23684 0.323204 0.00043905 0.3
2.23495 0.322902 0.0381984 0.3
2.23684 0.323208 0.0383712 0.3
2.23686 0.323223 0.000496512 0.3
2.23494 0.322912 0.038999 0.3
2.23683 0.323198 0.0383329 0.3
2.23685 0.323246 0.00104791 0.3
2.23686 0.323217 0.000592078 0.3
2.23686 0.3232 0.000343038 0.3
2.23684 0.323221 0.000539628 0.3
2.23493 0.322875 0.0388399 0.3
2.23684 0.323227 0.0387818 0.3
2.23684 0.323202 0.000519568 0.3
2.23682 0.323192 0.000521587 0.3
2.23686 0.32324 0.00123838 0.3
2.23685 0.323241 0.000201235 0.3
2.23494 0.322887 0.03885 0.3
2.23498 0.322922 0.00107811 0.3
2.23687 0.32322 0.0382471 0.3
2.23688 0.323217 0.000264436 0.3
2.23685 0.323223 0.000729923 0.3
2.23495 0.322906 0.0383881 0.3
2.23685 0.323216 0.0384452 0.3
2.23684 0.323211 0.000298424 0.3
2.23683 0.3232 0.000223812 0.3
2.23495 0.322925 0.0380601 0.3
2.23684 0.323195 0.0381449 0.3
2.23685 0.323211 0.000367807 0.3
2.23496 0.322915 0.0382221 0.3
2.23495 0.322922 0.000331458 0.3
2.23684 0.323204 0.0383966 0.3
2.23496 0.322911 0.0380573 0.3
2.23687 0.323221 0.0385817 0.3
2.23301 0.322339 0.079092 0.3
2.23301 0.322339 0 0.3
2.23684 0.323195 0.0783541 0.3
2.23682 0.323214 0.000472554 0.3
2.23685 0.323214 0.000543594 0.3
2.23688 0.323252 0.00101785 0.3
2.23687 0.323212 0.00083467 0.3
2.23684 0.323209 0.000561138 0.3
2.23684 0.323223 0.000297501 0.3
2.23688 0.323229 0.000847826 0.3
2.23684 0.323242 0.000824063 0.3
2.23496 0.322907 0.0383083 0.3
2.23495 0.322905 0.000204214 0.3
2.23685 0.323216 0.0386836 0.3
2.23494 0.322908 0.0387164 0.3
2.23498 0.322923 0.000855352 0.3
2.23686 0.323215 0.0380118 0.3
2.23681 0.323228 0.000974654 0.3
2.23495 0.3229 0.0379505 0.3
2.23687 0.323243 0.039125 0.3
2.23496 0.322921 0.0387196 0.3
2.23687 0.323237 0.0386999 0.3
2.23498 0.322934 0.0382251 0.3
2.23683 0.323181 0.0372694 0.3
2.23682 0.32319 0.000283751 0.3
2.23687 0.323214 0.00107184 0.3
2.23498 0.322934 0.038268 0.3
2.23686 0.323207 0.0380921 0.3
2.23686 0.323214 0.000141364 0.3
2.23683 0.323211 0.000542113 0.3
2.23685 0.323213 0.000402529 0.3
2.23685 0.323234 0.000457068 0.3
2.23682 0.323212 0.000714207 0.3
2.23499 0.322911 0.0370514 0.3
2.23687 0.323225 0.038063 0.3
2.23473 0.322882 0.0431871 0.3
2.23428 0.32287 0.00918226 0.3
2.23492 0.323125 0.0137772 0.3
2.23386 0.323136 0.0211203 0.3
2.2325 0.323202 0.0271356 0.3
2.23096 0.323246 0.0308925 0.3
2.22643 0.323479 0.0906998 0.3
2.22332 0.323741 0.0623572 0.3
2.22098 0.323698 0.0468476 0.3
2.21687 0.323034 0.0832867 0.3
2.21016 0.322815 0.134253 0.3
2.20768 0.323269 0.0504436 0.3
2.20301 0.323037 0.0934752 0.3
2.20023 0.323618 0.0568612 0.3
2.19165 0.323197 0.171863 0.3
2.18679 0.323403 0.0971667 0.3
2.18137 0.323067 0.108707 0.3
2.17508 0.323031 0.125825 0.3
2.16354 0.324015 0.231655 0.3
2.15909 0.324123 0.0889897 0.3
2.15378 0.324406 0.106209 0.3
2.14788 0.324264 0.118113 0.3
2.13565 0.324575 0.244701 0.3
2.12885 0.324482 0.136073 0.3
2.12209 0.325561 0.136773 0.3
2.11452 0.325861 0.151639 0.3
2.09674 0.325254 0.355766 0.3
2.0876 0.324847 0.182881 0.3
2.07809 0.32459 0.190389 0.3
2.07027 0.324479 0.156313 0.3
2.05365 0.324573 0.332528 0.3
2.04431 0.324761 0.186739 0.3
2.03452 0.325029 0.195872 0.3
2.02435 0.325696 0.203937 0.3
2.00666 0.324754 0.354281 0.3
1.99854 0.32515 0.162654 0.3
1.99099 0.32557 0.151252 0.3
1.98241 0.324811 0.172231 0.3
1.9625 0.324536 0.398218 0.3
1.95161 0.323737 0.218364 0.3
1.94096 0.323995 0.213123 0.3
1.93109 0.324412 0.197437 0.3
1.91135 0.32478 0.394947 0.3
1.90152 0.326545 0.199824 0.3
1.89137 0.327249 0.203289 0.3
1.88068 0.326597 0.214316 0.3
1.86063 0.326944 0.40108 0.3
1.8516 0.327076 0.180519 0.3
1.84192 0.326426 0.194077 0.3
1.83179 0.326102 0.202702 0.3
1.80915 0.324633 0.453733 0.3
1.79787 0.324715 0.225667 0.3
1.78719 0.325096 0.213676 0.3
1.77701 0.324924 0.203729 0.3
1.77701 0.324924 0 0.3
1.77701 0.324924 0 0.3
1.73491 0.325503 0.84194 0.3
1.72386 0.325718 0.221042 0.3
1.70144 0.323469 0.45073 0.3
1.69007 0.323373 0.227369 0.3
1.67782 0.322975 0.245128 0.3
1.66408 0.322378 0.27508 0.3
1.63717 0.322669 0.538152 0.3
1.62486 0.321559 0.247297 0.3
1.61336 0.321197 0.230054 0.3
1.60178 0.32117 0.231641 0.3
1.58061 0.318742 0.426136 0.3
1.57027 0.318319 0.206953 0.3
1.56019 0.318541 0.20167 0.3
1.54978 0.317714 0.208933 0.3
1.52508 0.318175 0.494027 0.3
1.51266 0.320034 0.251128 0.3
1.50138 0.319547 0.225809 0.3
1.49065 0.318392 0.215899 0.3
1.46969 0.317674 0.419386 0.3
1.45782 0.317063 0.237774 0.3
1.4456 0.315744 0.245839 0.3
1.43399 0.314807 0.232956 0.3
1.41248 0.314365 0.430272 0.3
1.40216 0.31349 0.20722 0.3
1.39011 0.312817 0.241314 0.3
1.37999 0.311978 0.203173 0.3
1.37505 0.3102 0.104837 0.3
1.36915 0.31151 0.121009 0.3
1.36354 0.311274 0.112199 0.3
1.35787 0.309845 0.116984 0.3
1.34502 0.307133 0.262604 0.3
1.33854 0.306408 0.130408 0.3
1.33252 0.306043 0.120661 0.3
1.32604 0.305967 0.129709 0.3
1.31402 0.30506 0.241105 0.3
1.30692 0.304291 0.142849 0.3
1.30006 0.303599 0.137837 0.3
1.29399 0.303413 0.121376 0.3
1.27966 0.301546 0.289141 0.3
1.27303 0.299705 0.137522 0.3
1.26628 0.298608 0.136811 0.3
1.25775 0.297569 0.17188 0.3
1.24276 0.296773 0.300103 0.3
1.23516 0.296709 0.152004 0.3
1.22785 0.297057 0.146526 0.3
1.21922 0.296143 0.173526 0.3
1.20285 0.294339 0.329402 0.3
1.19423 0.293745 0.17265 0.3
1.18533 0.29155 0.183469 0.3
1.17662 0.28642 0.202067 0.3
1.15696 0.278698 0.422443 0.3
1.14591 0.281121 0.226348 0.3
1.14591 0.281121 0 0.3
1.11615 0.279317 0.596231 0.3
1.10362 0.278563 0.251074 0.3
1.09197 0.277352 0.234255 0.3
1.0802 0.275396 0.238669 0.3
1.05638 0.274638 0.476561 0.3
1.04335 0.273804 0.261253 0.3
1.03203 0.272993 0.22698 0.3
1.02215 0.271663 0.199403 0.3
0.999176 0.269447 0.461532 0.3
0.987566 0.268159 0.233625 0.3
0.97492 0.266578 0.254889 0.3
0.963219 0.264963 0.236238 0.3
0.940535 0.262536 0.456269 0.3
0.929167 0.262757 0.227404 0.3
0.917807 0.262465 0.227275 0.3
0.906646 0.261031 0.225054 0.3
0.875528 0.259416 0.623198 0.3
0.854749 0.257815 0.416811 0.3
0.833763 0.254632 0.424521 0.3
0.812674 0.252785 0.423395 0.3
0.775812 0.249964 0.739396 0.3
0.757334 0.249213 0.369865 0.3
0.738526 0.248272 0.376631 0.3
0.720078 0.247459 0.369318 0.3
0.68227 0.242397 0.762907 0.3
0.663361 0.241337 0.378773 0.3
0.644577 0.240978 0.375748 0.3
0.624832 0.239691 0.395739 0.3
0.587964 0.236103 0.740843 0.3
0.572014 0.234512 0.320584 0.3
0.5553 0.232246 0.337338 0.3
0.538316 0.22938 0.344482 0.3
0.50655 0.227223 0.636783 0.3
0.4914 0.228139 0.303554 0.3
0.476681 0.226335 0.296583 0.3
0.461695 0.223504 0.305021 0.3
0.433096 0.222527 0.572314 0.3
0.420126 0.221224 0.260706 0.3
0.408084 0.219454 0.243427 0.3
0.396282 0.218031 0.23775 0.3
0.371633 0.214404 0.498288 0.3
0.358729 0.212493 0.260894 0.3
0.346037 0.211017 0.255551 0.3
0.333648 0.210172 0.248356 0.3
0.307936 0.206792 0.518664 0.3
0.295053 0.205941 0.258222 0.3
0.281828 0.205338 0.264775 0.3
0.269145 0.203039 0.257793 0.3
0.243678 0.197537 0.521091 0.3
0.230682 0.197001 0.260141 0.3
0.217346 0.196249 0.267144 0.3
0.204537 0.194732 0.25797 0.3
0.180018 0.191231 0.495354 0.3
0.167859 0.189451 0.245772 0.3
0.155765 0.187715 0.244359 0.3
0.143804 0.185848 0.242117 0.3
0.120225 0.181282 0.480341 0.3
0.108051 0.180048 0.244728 0.3
0.095283 0.178895 0.256399 0.3
0.079422 0.178168 0.317553 0.3
0.06738 0.177558 0.241149 0.3
0.045535 0.17311 0.445865 0.3
0.033217 0.171331 0.248916 0.3
0.02068 0.169802 0.252598 0.3
0.008936 0.167479 0.239431 0.3
-0.013378 0.162809 0.455949 0.3
-0.024379 0.160948 0.223146 0.3
-0.036671 0.15988 0.246766 0.3
-0.048328 0.15831 0.235245 0.3
-0.071211 0.154594 0.463655 0.3
-0.082801 0.153922 0.232189 0.3
-0.095437 0.152671 0.253955 0.3
-0.108523 0.149658 0.268568 0.3
-0.133601 0.143755 0.515267 0.3
-0.146026 0.142477 0.249811 0.3
-0.157688 0.141051 0.234977 0.3
-0.169684 0.139745 0.241337 0.3
-0.191375 0.134847 0.444743 0.3
-0.201467 0.133727 0.203079 0.3
-0.211799 0.132104 0.209174 0.3
-0.222825 0.129914 0.224828 0.3
-0.247419 0.124139 0.505258 0.3
-0.259443 0.122191 0.243616 0.3
-0.271258 0.120868 0.237776 0.3
-0.282791 0.119845 0.231565 0.3
-0.305443 0.117684 0.455097 0.3
-0.314394 0.114176 0.192278 0.3
-0.322738 0.110897 0.179303 0.3
-0.332429 0.108567 0.199343 0.3
-0.355403 0.109394 0.459778 0.3
-0.368208 0.111216 0.258679 0.3
-0.384497 0.112189 0.326361 0.3
-0.402756 0.111634 0.365349 0.3
-0.444379 0.103775 0.847169 0.3
-0.467358 0.101449 0.461928 0.3
-0.488374 0.099461 0.422196 0.3
-0.506649 0.097662 0.367267 0.3
-0.540581 0.08971 0.697026 0.3
-0.557738 0.086013 0.351016 0.3
-0.57559 0.083146 0.361615 0.3
-0.593319 0.080519 0.358451 0.3
-0.625892 0.075578 0.658912 0.3
-0.640882 0.072318 0.306808 0.3
-0.655275 0.069199 0.294541 0.3
-0.669819 0.065968 0.297972 0.3
-0.699211 0.056857 0.615435 0.3
-0.715327 0.056715 0.322333 0.3
-0.730496 0.059891 0.309958 0.3
-0.743161 0.065353 0.275853 0.3
-0.756989 0.05814 0.311923 0.3
-0.76511 0.050009 0.229838 0.3
-0.776426 0.044615 0.250717 0.3
-0.786534 0.043115 0.204374 0.3
-0.798862 0.053686 0.324792 0.3
-0.808342 0.053769 0.189607 0.3
-0.820016 0.048986 0.252318 0.3
-0.83298 0.043331 0.282873 0.3
-0.849476 0.041025 0.333128 0.3
-0.85846 0.03978 0.181398 0.3
-0.869941 0.036553 0.238518 0.3
-0.882537 0.032935 0.262106 0.3
-0.903405 0.028662 0.42602 0.3
-0.913874 0.025388 0.219379 0.3
-0.924494 0.021909 0.223508 0.3
-0.935034 0.018039 0.22456 0.3
-0.957531 0.012652 0.46266 0.3
-0.968421 0.010341 0.22265 0.3
-0.978625 0.007723 0.21069 0.3
-0.988797 0.004127 0.215779 0.3
-1.01085 -0.003735 0.468193 0.3
-1.02271 -0.010237 0.27056 0.3
-1.03571 -0.020999 0.33761 0.3
-1.0508 -0.034214 0.401081 0.3
-1.08451 -0.069152 0.970998 0.3
-1.09756 -0.093333 0.549573 0.3
-1.10019 -0.11872 0.51046 0.3
-1.099 -0.143533 0.496829 0.3
-1.10148 -0.186472 0.860203 0.3
-1.10618 -0.20461 0.374766 0.3
-1.11151 -0.223708 0.396567 0.3
-1.11546 -0.243851 0.410502 0.3
-1.11732 -0.285582 0.835454 0.3
-1.11793 -0.30912 0.470917 0.3
-1.1177 -0.335851 0.53464 0.3
-1.10968 -0.367263 0.648393 0.3
-1.07698 -0.442145 1.63421 0.3
1000 -1000 28293.3 0.3
1000 -1000 0 0.3
1000 -1000 0 0.3
1000 -1000 0 0.3
1000 -1000 0 0.3
1000 -1000 0 0.3
1000 -1000 0 0.3
