x       y       velocity      desired vel
1.99427 0.200835 40.0871 0.15
1.99444 0.200788 0.00356648 0.15
1.99445 0.200804 0.000400306 0.15
1.9943 0.200845 0.00322687 0.15
1.99445 0.200773 0.00345444 0.15
1.99444 0.200781 0.000305202 0.15
1.99284 0.200796 0.0320019 0.15
1.99062 0.200792 0.0444604 0.15
1.98844 0.200757 0.0435647 0.15
1.986 0.200569 0.0490036 0.15
1.981 0.200101 0.100477 0.15
1.97775 0.200206 0.0648934 0.15
1.97491 0.199886 0.057319 0.15
1.97103 0.199651 0.0776832 0.15
1.96294 0.199738 0.161848 0.15
1.95795 0.199603 0.0997766 0.15
1.95245 0.199264 0.11027 0.15
1.94635 0.198927 0.122047 0.15
1.93588 0.198527 0.209673 0.15
1.93142 0.197858 0.0901974 0.15
1.9277 0.197589 0.0745334 0.15
1.92381 0.19765 0.0778914 0.15
1.9158 0.196638 0.161453 0.15
1.91057 0.196065 0.105147 0.15
1.90515 0.195815 0.108615 0.15
1.89993 0.195241 0.104891 0.15
1.88795 0.195149 0.239568 0.15
1.88133 0.194682 0.132787 0.15
1.87418 0.195327 0.14366 0.15
1.86712 0.195641 0.141241 0.15
1.85358 0.194913 0.271251 0.15
1.84802 0.194642 0.111271 0.15
1.84204 0.194866 0.119784 0.15
1.83611 0.194436 0.118872 0.15
1.82432 0.19446 0.235701 0.15
1.8187 0.193856 0.113107 0.15
1.81246 0.193732 0.124884 0.15
1.80601 0.193175 0.1294 0.15
1.79394 0.192445 0.241921 0.15
1.78837 0.192011 0.111677 0.15
1.7839 0.191517 0.0900436 0.15
1.77889 0.191402 0.100248 0.15
1.76897 0.189507 0.201967 0.15
1.76362 0.189539 0.107042 0.15
1.75788 0.189319 0.114685 0.15
1.75163 0.188762 0.125534 0.15
1.73928 0.188212 0.247366 0.15
1.73288 0.188141 0.127908 0.15
1.72644 0.187828 0.128931 0.15
1.7198 0.187522 0.133002 0.15
1.70646 0.187257 0.266793 0.15
1.6993 0.187512 0.14339 0.15
1.69268 0.187058 0.132691 0.15
1.68577 0.186372 0.138919 0.15
1.67167 0.185339 0.282657 0.15
1.66427 0.184183 0.149833 0.15
1.65674 0.183085 0.152133 0.15
1.64921 0.18236 0.151336 0.15
1.63478 0.181689 0.288894 0.15
1.62788 0.180829 0.139147 0.15
1.62043 0.180663 0.149015 0.15
1.6142 0.180487 0.12469 0.15
1.60462 0.180005 0.191783 0.15
1.60171 0.179604 0.0587881 0.15
1.59931 0.17938 0.0481691 0.15
1.59541 0.178934 0.0785497 0.15
1.58502 0.178355 0.208121 0.15
1.58052 0.178109 0.0901755 0.15
1.57538 0.177937 0.102818 0.15
1.56895 0.176963 0.130006 0.15
1.55368 0.175648 0.306611 0.15
1.54578 0.174969 0.158423 0.15
1.53862 0.173596 0.145848 0.15
1.53141 0.172907 0.144857 0.15
1.51686 0.171567 0.292371 0.15
1.50948 0.171201 0.14766 0.15
1.50257 0.170796 0.138517 0.15
1.49633 0.170989 0.124741 0.15
1.48542 0.171123 0.218315 0.15
1.48127 0.170608 0.0835379 0.15
1.47793 0.170139 0.0674744 0.15
1.47511 0.169962 0.0566707 0.15
1.46625 0.169082 0.177894 0.15
1.46077 0.168949 0.109693 0.15
1.45494 0.168686 0.116639 0.15
1.44892 0.168198 0.120853 0.15
1.43675 0.167635 0.243602 0.15
1.43161 0.167099 0.103534 0.15
1.42599 0.166513 0.112971 0.15
1.41969 0.165619 0.127222 0.15
1.40636 0.164542 0.267509 0.15
1.40005 0.163376 0.128296 0.15
1.39342 0.162557 0.133569 0.15
1.38712 0.161421 0.12809 0.15
1.37312 0.1605 0.280625 0.15
1.36661 0.160073 0.13038 0.15
1.3609 0.159891 0.114318 0.15
1.35547 0.159162 0.109576 0.15
1.34517 0.157837 0.207795 0.15
1.34001 0.157878 0.103043 0.15
1.3349 0.157709 0.102416 0.15
1.32987 0.157061 0.101392 0.15
1.31786 0.156776 0.240227 0.15
1.31058 0.155746 0.14713 0.15
1.30302 0.154868 0.152037 0.15
1.2955 0.154169 0.15119 0.15
1.28158 0.15166 0.282845 0.15
1.27514 0.150656 0.130397 0.15
1.26869 0.150141 0.129331 0.15
1.26248 0.149599 0.12465 0.15
1.24999 0.148102 0.251707 0.15
1.24406 0.147709 0.118762 0.15
1.23851 0.147565 0.110997 0.15
1.23343 0.147267 0.101755 0.15
1.22344 0.145966 0.201645 0.15
1.21805 0.145516 0.108136 0.15
1.21265 0.14472 0.109187 0.15
1.20737 0.144241 0.106053 0.15
1.19753 0.143369 0.197472 0.15
1.1927 0.142691 0.097507 0.15
1.18798 0.142005 0.0953535 0.15
1.18302 0.141529 0.0997139 0.15
1.17054 0.139424 0.253166 0.15
1.16317 0.138103 0.149728 0.15
1.15605 0.137345 0.143167 0.15
1.14994 0.136463 0.123466 0.15
1.13739 0.13451 0.254061 0.15
1.13056 0.134019 0.136952 0.15
1.12414 0.133643 0.12872 0.15
1.11771 0.133728 0.12859 0.15
1.10628 0.133192 0.228733 0.15
1.10134 0.132026 0.101669 0.15
1.09544 0.131291 0.118754 0.15
1.08968 0.13105 0.115281 0.15
1.07944 0.129764 0.206488 0.15
1.07368 0.129185 0.11586 0.15
1.06768 0.128923 0.120034 0.15
1.06188 0.128009 0.117373 0.15
1.05069 0.126661 0.225457 0.15
1.04529 0.125513 0.110492 0.15
1.03932 0.124632 0.120674 0.15
1.033 0.123918 0.127242 0.15
1.01927 0.121533 0.278574 0.15
1.01286 0.11988 0.132473 0.15
1.00698 0.119088 0.118702 0.15
1.00039 0.118566 0.132073 0.15
0.987928 0.117198 0.250817 0.15
0.982614 0.116305 0.10777 0.15
0.977126 0.115669 0.110494 0.15
0.97126 0.114696 0.118923 0.15
0.957799 0.113324 0.270615 0.15
0.950798 0.113086 0.140102 0.15
0.944633 0.112428 0.124 0.15
0.938168 0.111314 0.131206 0.15
0.925409 0.109216 0.258606 0.15
0.918641 0.108231 0.136787 0.15
0.912044 0.106678 0.135546 0.15
0.90564 0.105282 0.131087 0.15
0.892784 0.103603 0.259304 0.15
0.886345 0.102584 0.130382 0.15
0.879566 0.101668 0.136812 0.15
0.873303 0.100472 0.127524 0.15
0.861348 0.099757 0.239528 0.15
0.856589 0.098939 0.0965749 0.15
0.851916 0.098446 0.0939788 0.15
0.847284 0.097871 0.093351 0.15
0.837971 0.096393 0.188592 0.15
0.833672 0.095862 0.0866331 0.15
0.829175 0.095085 0.0912725 0.15
0.823264 0.094443 0.118915 0.15
0.810698 0.092231 0.255185 0.15
0.804816 0.091266 0.119212 0.15
0.798969 0.089831 0.120411 0.15
0.792169 0.08853 0.138467 0.15
0.77908 0.086271 0.26565 0.15
0.773132 0.085037 0.121492 0.15
0.767138 0.084016 0.121607 0.15
0.760393 0.082666 0.137575 0.15
0.746195 0.081479 0.284951 0.15
0.739506 0.081335 0.133811 0.15
0.734281 0.080876 0.104902 0.15
0.729638 0.080146 0.0940012 0.15
0.720474 0.078204 0.18735 0.15
0.714591 0.07766 0.118162 0.15
0.709702 0.076906 0.0989362 0.15
0.704911 0.076153 0.0969967 0.15
0.69524 0.074915 0.194998 0.15
0.689842 0.074109 0.109158 0.15
0.683921 0.073013 0.120432 0.15
0.676944 0.071622 0.142285 0.15
0.6636 0.069199 0.271244 0.15
0.657224 0.068127 0.12931 0.15
0.650467 0.066705 0.138101 0.15
0.643774 0.065097 0.137669 0.15
0.632145 0.063146 0.23583 0.15
0.626145 0.061587 0.123984 0.15
0.619632 0.060581 0.131805 0.15
0.612952 0.059703 0.134749 0.15
0.600712 0.057523 0.248652 0.15
0.595468 0.056422 0.107167 0.15
0.590119 0.055956 0.107385 0.15
0.582385 0.054843 0.156274 0.15
0.576793 0.054325 0.112319 0.15
0.570834 0.05358 0.120108 0.15
0.558755 0.051131 0.246495 0.15
0.551841 0.049765 0.140952 0.15
0.545108 0.048287 0.137866 0.15
0.535793 0.045982 0.191919 0.15
0.528911 0.044161 0.142377 0.15
0.515657 0.04207 0.268358 0.15
0.509249 0.041077 0.12969 0.15
0.503202 0.039541 0.12478 0.15
0.497297 0.03884 0.11893 0.15
0.486816 0.037845 0.210562 0.15
0.482839 0.036955 0.0815074 0.15
0.479484 0.036399 0.0680151 0.15
0.475448 0.035815 0.0815602 0.15
0.463269 0.033461 0.248089 0.15
0.456925 0.032403 0.128632 0.15
0.451224 0.031156 0.116716 0.15
0.444927 0.029913 0.12837 0.15
0.432766 0.027978 0.24628 0.15
0.426695 0.02656 0.124688 0.15
0.421079 0.024948 0.116855 0.15
0.415406 0.023803 0.115748 0.15
0.403142 0.021035 0.251449 0.15
0.396501 0.019455 0.136527 0.15
0.39021 0.018235 0.128164 0.15
0.383598 0.017235 0.133744 0.15
0.370908 0.015857 0.255292 0.15
0.364575 0.015229 0.127281 0.15
0.358645 0.014571 0.119328 0.15
0.353019 0.012907 0.117338 0.15
0.341853 0.01109 0.226258 0.15
0.336185 0.010104 0.115062 0.15
0.330458 0.008958 0.116811 0.15
0.324521 0.007909 0.120579 0.15
0.312532 0.005495 0.244592 0.15
0.306966 0.004155 0.114501 0.15
0.301144 0.003121 0.118262 0.15
0.295024 0.00173 0.125522 0.15
0.2892 0.000177 0.12055 0.15
0.276621 -0.002882 0.258912 0.15
0.27162 -0.00419 0.103385 0.15
0.266319 -0.005474 0.109086 0.15
0.259998 -0.006552 0.128246 0.15
0.248755 -0.008878 0.229622 0.15
0.243811 -0.009443 0.0995235 0.15
0.239129 -0.010539 0.0961712 0.15
0.233606 -0.011949 0.114003 0.15
0.221317 -0.014191 0.249837 0.15
0.215393 -0.015374 0.120819 0.15
0.209163 -0.016473 0.126524 0.15
0.201995 -0.017206 0.144108 0.15
0.186256 -0.020721 0.322534 0.15
0.178651 -0.022703 0.157181 0.15
0.171071 -0.024526 0.155923 0.15
0.164028 -0.026683 0.147318 0.15
0.151056 -0.02981 0.266871 0.15
0.14471 -0.031116 0.12958 0.15
0.138504 -0.032486 0.127108 0.15
0.132643 -0.034119 0.121685 0.15
0.121889 -0.035515 0.216885 0.15
0.117365 -0.036305 0.0918492 0.15
0.11347 -0.037236 0.0800944 0.15
0.109638 -0.037997 0.0781368 0.15
0.101153 -0.039776 0.17339 0.15
0.097042 -0.041059 0.0861311 0.15
0.092298 -0.042059 0.096965 0.15
0.086524 -0.042904 0.11671 0.15
0.075027 -0.04616 0.238983 0.15
0.068759 -0.047787 0.129514 0.15
0.061634 -0.049083 0.144838 0.15
0.05418 -0.051517 0.156827 0.15
0.038804 -0.055458 0.317461 0.15
0.032127 -0.057102 0.137528 0.15
0.025977 -0.058775 0.12747 0.15
0.020074 -0.060591 0.12352 0.15
0.008254 -0.062601 0.239794 0.15
0.002236 -0.063059 0.120708 0.15
-0.003335 -0.063723 0.112209 0.15
-0.008172 -0.064864 0.0993951 0.15
-0.013049 -0.066093 0.100589 0.15
-0.023526 -0.068551 0.215229 0.15
-0.028857 -0.069573 0.108562 0.15
-0.033269 -0.070898 0.0921333 0.15
-0.0386 -0.072048 0.109073 0.15
-0.050954 -0.074332 0.251267 0.15
-0.056588 -0.07632 0.119489 0.15
-0.0625 -0.077619 0.121061 0.15
-0.068451 -0.079508 0.124872 0.15
-0.082062 -0.082979 0.280932 0.15
-0.088773 -0.084749 0.13881 0.15
-0.095034 -0.086644 0.13083 0.15
-0.100322 -0.088352 0.11114 0.15
-0.111456 -0.091088 0.229305 0.15
-0.117158 -0.092742 0.118741 0.15
-0.122956 -0.093593 0.117202 0.15
-0.127607 -0.094934 0.0968093 0.15
-0.138018 -0.097595 0.214914 0.15
-0.14423 -0.098966 0.12723 0.15
-0.150825 -0.100487 0.135362 0.15
-0.157315 -0.101871 0.132719 0.15
-0.17024 -0.104313 0.263073 0.15
-0.176236 -0.106189 0.125653 0.15
-0.181987 -0.107815 0.119529 0.15
-0.188707 -0.109217 0.137294 0.15
-0.201424 -0.113507 0.268422 0.15
-0.207358 -0.115792 0.127175 0.15
-0.213889 -0.117267 0.13391 0.15
-0.220714 -0.118886 0.140288 0.15
-0.234681 -0.123042 0.291444 0.15
-0.241317 -0.124355 0.135293 0.15
-0.247622 -0.125178 0.12717 0.15
-0.253233 -0.126491 0.115251 0.15
-0.260941 -0.128847 0.161201 0.15
-0.264037 -0.12961 0.0637729 0.15
-0.267686 -0.130812 0.0768375 0.15
-0.272166 -0.131961 0.0925 0.15
-0.281073 -0.133812 0.181946 0.15
-0.285944 -0.135464 0.102871 0.15
-0.291318 -0.137195 0.112918 0.15
-0.298979 -0.139045 0.157624 0.15
-0.305321 -0.140881 0.132048 0.15
-0.31688 -0.145038 0.245675 0.15
-0.322514 -0.146342 0.115659 0.15
-0.327216 -0.147966 0.0994911 0.15
-0.333411 -0.149906 0.129833 0.15
-0.340135 -0.151796 0.139692 0.15
-0.346137 -0.153748 0.126228 0.15
-0.358863 -0.156268 0.259462 0.15
-0.365426 -0.157242 0.132698 0.15
-0.371819 -0.158404 0.129955 0.15
-0.378004 -0.160466 0.130394 0.15
-0.389633 -0.163507 0.2404 0.15
-0.395616 -0.165171 0.124202 0.15
-0.401494 -0.166793 0.121954 0.15
-0.407513 -0.168224 0.123735 0.15
-0.418607 -0.171272 0.230102 0.15
-0.424229 -0.172947 0.117324 0.15
-0.429704 -0.174921 0.1164 0.15
-0.435548 -0.17646 0.120865 0.15
-0.446727 -0.179923 0.234062 0.15
-0.452822 -0.182125 0.129611 0.15
-0.458908 -0.184428 0.130143 0.15
-0.4643 -0.18627 0.113959 0.15
-0.475694 -0.18916 0.235096 0.15
-0.482163 -0.190953 0.134258 0.15
-0.488809 -0.192799 0.137952 0.15
-0.495098 -0.194434 0.129961 0.15
-0.507743 -0.198336 0.264667 0.15
-0.513663 -0.199824 0.122083 0.15
-0.519197 -0.201232 0.114206 0.15
-0.524899 -0.202747 0.117997 0.15
-0.537126 -0.205749 0.251803 0.15
-0.543129 -0.207891 0.127475 0.15
-0.549322 -0.20973 0.129205 0.15
-0.555609 -0.212216 0.135213 0.15
-0.569174 -0.217337 0.289989 0.15
-0.57591 -0.219192 0.139735 0.15
-0.582166 -0.220979 0.130125 0.15
-0.588367 -0.222792 0.129211 0.15
-0.599785 -0.226454 0.239817 0.15
-0.605359 -0.227306 0.112776 0.15
-0.610132 -0.228397 0.0979213 0.15
-0.614238 -0.229569 0.0854007 0.15
-0.623524 -0.232548 0.195043 0.15
-0.628539 -0.234278 0.1061 0.15
-0.633404 -0.235643 0.101057 0.15
-0.637779 -0.236768 0.0903462 0.15
-0.647915 -0.239872 0.212013 0.15
-0.65353 -0.241927 0.119585 0.15
-0.658801 -0.243628 0.110774 0.15
-0.664629 -0.245226 0.120862 0.15
-0.677487 -0.250204 0.27576 0.15
-0.684222 -0.252463 0.142075 0.15
-0.690999 -0.254583 0.142017 0.15
-0.697904 -0.25716 0.147405 0.15
-0.712616 -0.261742 0.308181 0.15
-0.719835 -0.263329 0.147827 0.15
-0.726733 -0.264528 0.140029 0.15
-0.732988 -0.266033 0.12867 0.15
-0.742656 -0.269139 0.203093 0.15
-0.745901 -0.270085 0.0676016 0.15
-0.748717 -0.271252 0.0609651 0.15
-0.753756 -0.272953 0.106367 0.15
-0.76384 -0.275945 0.210371 0.15
-0.7683 -0.27712 0.0922431 0.15
-0.772631 -0.278364 0.0901223 0.15
-0.777019 -0.279711 0.0918025 0.15
-0.782895 -0.281583 0.12334 0.15
-0.782895 -0.281583 0 0.15
-0.782895 -0.281583 0 0.15
-0.782895 -0.281583 0 0.15
-0.782895 -0.281583 0 0.15
-0.782895 -0.281583 0 0.15
-0.782895 -0.281583 0 0.15
