x       y       velocity      desired vel
-1.69306 0.519771 35.421 0.3
-1.69307 0.519761 0.000296218 0.3
-1.69309 0.519767 0.000361179 0.3
-1.69305 0.519757 0.000883684 0.3
-1.69285 0.519611 0.00488737 0.3
-1.6923 0.516663 0.0599737 0.3
-1.68979 0.500689 0.323402 0.3
-1.68885 0.492876 0.157397 0.3
-1.68825 0.485797 0.142088 0.3
-1.68749 0.478898 0.138808 0.3
-1.68589 0.464537 0.289008 0.3
-1.68509 0.456621 0.159111 0.3
-1.6842 0.449039 0.152685 0.3
-1.68334 0.44225 0.136867 0.3
-1.68178 0.429663 0.253679 0.3
-1.68076 0.421961 0.155367 0.3
-1.67953 0.413325 0.174463 0.3
-1.67849 0.404759 0.172586 0.3
-1.67569 0.387523 0.349223 0.3
-1.67569 0.387523 0 0.3
-1.67569 0.387523 0 0.3
-1.66999 0.361868 0.525612 0.3
-1.66822 0.345739 0.324534 0.3
-1.66632 0.338006 0.159222 0.3
-1.66399 0.330521 0.156821 0.3
-1.66272 0.322664 0.159163 0.3
-1.66272 0.322664 0 0.3
-1.66272 0.322664 0 0.3
-1.65667 0.290814 0.648413 0.3
-1.65495 0.283412 0.151988 0.3
-1.65171 0.26754 0.323983 0.3
-1.65028 0.259514 0.163044 0.3
-1.65028 0.259514 0 0.3
-1.65028 0.259514 0 0.3
-1.65028 0.259514 0 0.3
-1.65028 0.259514 0 0.3
-1.65028 0.259514 0 0.3
-1.65028 0.259514 0 0.3
-1.63864 0.194547 1.32002 0.3
-1.63864 0.194547 0 0.3
-1.63864 0.194547 0 0.3
-1.63628 0.160958 0.673443 0.3
-1.63537 0.153297 0.154283 0.3
-1.63443 0.145941 0.148324 0.3
-1.63166 0.130624 0.311295 0.3
-1.63166 0.130624 0 0.3
-1.63166 0.130624 0 0.3
-1.63166 0.130624 0 0.3
-1.62432 0.086825 0.888195 0.3
-1.62194 0.079756 0.149172 0.3
-1.61982 0.073121 0.139321 0.3
-1.61874 0.068033 0.104036 0.3
-1.61874 0.068033 0 0.3
-1.61874 0.068033 0 0.3
-1.61204 0.035599 0.662372 0.3
-1.61185 0.029126 0.129518 0.3
-1.61094 0.022108 0.141522 0.3
-1.60905 0.00729 0.298761 0.3
-1.60766 -0.000465 0.157593 0.3
-1.60766 -0.000465 0 0.3
-1.60766 -0.000465 0 0.3
-1.60766 -0.000465 0 0.3
-1.60766 -0.000465 0 0.3
-1.60766 -0.000465 0 0.3
-1.58883 -0.065709 1.35811 0.3
-1.58883 -0.065709 0 0.3
-1.58883 -0.065709 0 0.3
-1.58272 -0.097158 0.640737 0.3
-1.58121 -0.104997 0.159655 0.3
-1.57957 -0.112656 0.156656 0.3
-1.57763 -0.119638 0.144952 0.3
-1.57519 -0.126592 0.147366 0.3
-1.57519 -0.126592 0 0.3
-1.57519 -0.126592 0 0.3
-1.56176 -0.157078 0.666278 0.3
-1.554 -0.173509 0.363417 0.3
-1.554 -0.173509 0 0.3
-1.55026 -0.189339 0.325307 0.3
-1.55026 -0.189339 0 0.3
-1.55026 -0.189339 0 0.3
-1.53938 -0.217638 0.606405 0.3
-1.53548 -0.224683 0.161001 0.3
-1.53053 -0.231903 0.175146 0.3
-1.52304 -0.246547 0.328938 0.3
-1.52304 -0.246547 0 0.3
-1.52304 -0.246547 0 0.3
-1.52304 -0.246547 0 0.3
-1.50935 -0.280165 0.725979 0.3
-1.50792 -0.287459 0.148645 0.3
-1.50683 -0.295337 0.159058 0.3
-1.50558 -0.303228 0.159813 0.3
-1.50474 -0.310785 0.152053 0.3
-1.50254 -0.326445 0.316273 0.3
-1.50092 -0.334544 0.165204 0.3
-1.49897 -0.342287 0.159705 0.3
-1.49501 -0.357958 0.323266 0.3
-1.493 -0.366011 0.165997 0.3
-1.49085 -0.374401 0.173212 0.3
-1.48834 -0.382347 0.166696 0.3
-1.48349 -0.396903 0.306843 0.3
-1.48131 -0.40343 0.137623 0.3
-1.4794 -0.409751 0.132082 0.3
-1.47708 -0.417393 0.159723 0.3
-1.47181 -0.435293 0.373193 0.3
-1.46876 -0.443729 0.179389 0.3
-1.46521 -0.451325 0.167675 0.3
-1.46182 -0.458327 0.15565 0.3
-1.45586 -0.471826 0.295099 0.3
-1.45267 -0.479156 0.159864 0.3
-1.44932 -0.487009 0.170723 0.3
-1.44619 -0.495425 0.179612 0.3
-1.44236 -0.505545 0.216389 0.3
-1.43732 -0.520042 0.306961 0.3
-1.43485 -0.526389 0.136221 0.3
-1.43175 -0.53312 0.148219 0.3
-1.42868 -0.540941 0.16809 0.3
-1.42398 -0.557235 0.339134 0.3
-1.42023 -0.564887 0.170447 0.3
-1.41562 -0.572493 0.177839 0.3
-1.41119 -0.579798 0.170865 0.3
-1.40399 -0.594527 0.327901 0.3
-1.40111 -0.601887 0.158097 0.3
-1.39786 -0.609094 0.158078 0.3
-1.39501 -0.616215 0.15341 0.3
-1.389 -0.63094 0.318109 0.3
-1.38608 -0.637755 0.148291 0.3
-1.3845 -0.644487 0.138313 0.3
-1.38222 -0.651045 0.138854 0.3
-1.37697 -0.665111 0.300276 0.3
-1.37403 -0.672132 0.152188 0.3
-1.36917 -0.681183 0.205503 0.3
-1.36521 -0.688859 0.172682 0.3
-1.36106 -0.696767 0.178634 0.3
-1.35303 -0.712545 0.354132 0.3
-1.3505 -0.72026 0.162367 0.3
-1.34813 -0.727856 0.159154 0.3
-1.34585 -0.735379 0.157183 0.3
-1.33856 -0.749212 0.312747 0.3
-1.33495 -0.756377 0.16046 0.3
-1.33209 -0.764288 0.168242 0.3
-1.32894 -0.771784 0.162651 0.3
-1.32496 -0.780508 0.191795 0.3
-1.31845 -0.793786 0.295708 0.3
-1.31458 -0.800382 0.152941 0.3
-1.31041 -0.80758 0.166382 0.3
-1.30613 -0.815493 0.179965 0.3
-1.29867 -0.831331 0.350106 0.3
-1.29494 -0.837576 0.145512 0.3
-1.2906 -0.843877 0.153067 0.3
-1.28587 -0.850513 0.162891 0.3
-1.28065 -0.857137 0.16871 0.3
-1.27006 -0.873164 0.384205 0.3
-1.26708 -0.880628 0.160738 0.3
-1.26448 -0.888345 0.162871 0.3
-1.26161 -0.895498 0.15416 0.3
-1.25354 -0.908279 0.302257 0.3
-1.24943 -0.915191 0.160843 0.3
-1.24493 -0.921924 0.161999 0.3
-1.24056 -0.928719 0.161535 0.3
-1.23292 -0.943321 0.32958 0.3
-1.22809 -0.950515 0.173333 0.3
-1.22331 -0.95747 0.168831 0.3
-1.21955 -0.963779 0.146898 0.3
-1.21122 -0.976042 0.296403 0.3
-1.20796 -0.981936 0.134768 0.3
-1.20425 -0.98762 0.135753 0.3
-1.19967 -0.993089 0.14267 0.3
-1.19053 -1.00628 0.321044 0.3
-1.18708 -1.01277 0.146807 0.3
-1.18324 -1.01868 0.141037 0.3
-1.17923 -1.02479 0.146035 0.3
-1.17053 -1.03803 0.31694 0.3
-1.16619 -1.04464 0.158232 0.3
-1.16175 -1.05111 0.156939 0.3
-1.1568 -1.05815 0.172095 0.3
-1.14643 -1.07158 0.339299 0.3
-1.14144 -1.07792 0.161409 0.3
-1.13683 -1.08365 0.147169 0.3
-1.13208 -1.08999 0.158387 0.3
-1.12175 -1.1014 0.307689 0.3
-1.11617 -1.1069 0.156811 0.3
-1.11041 -1.11227 0.157531 0.3
-1.10443 -1.11739 0.157457 0.3
-1.09293 -1.12722 0.302424 0.3
-1.0877 -1.13179 0.138961 0.3
-1.08242 -1.13699 0.148185 0.3
-1.07715 -1.14119 0.134848 0.3
-1.06587 -1.15024 0.289178 0.3
-1.05913 -1.15521 0.167441 0.3
-1.0523 -1.16027 0.170118 0.3
-1.04624 -1.16581 0.164227 0.3
-1.03505 -1.17519 0.292054 0.3
-1.02973 -1.18007 0.144302 0.3
-1.02399 -1.18501 0.151511 0.3
-1.01789 -1.18959 0.152469 0.3
-1.0038 -1.19685 0.317009 0.3
-0.997442 -1.20265 0.172176 0.3
-0.990102 -1.20625 0.163497 0.3
-0.982749 -1.21121 0.177424 0.3
-0.975366 -1.21413 0.158753 0.3
-0.962602 -1.22204 0.300378 0.3
-0.956482 -1.22653 0.151772 0.3
-0.950036 -1.23035 0.149929 0.3
-0.936664 -1.23532 0.285273 0.3
-0.931271 -1.24057 0.150584 0.3
-0.924598 -1.24351 0.145791 0.3
-0.91821 -1.2469 0.144635 0.3
-0.905921 -1.2544 0.288001 0.3
-0.900055 -1.25817 0.139394 0.3
-0.894003 -1.26175 0.140643 0.3
-0.887706 -1.26534 0.145019 0.3
-0.87526 -1.27216 0.283812 0.3
-0.868658 -1.27579 0.150692 0.3
-0.862095 -1.2795 0.150811 0.3
-0.855193 -1.28309 0.155596 0.3
-0.842101 -1.29141 0.310167 0.3
-0.835088 -1.29347 0.146185 0.3
-0.828207 -1.29524 0.142135 0.3
-0.821521 -1.29707 0.138644 0.3
-0.807189 -1.30418 0.319894 0.3
-0.799285 -1.30664 0.165601 0.3
-0.791264 -1.30955 0.170644 0.3
-0.784078 -1.31202 0.151973 0.3
-0.777607 -1.31522 0.144388 0.3
-0.763127 -1.31957 0.302363 0.3
-0.756018 -1.32199 0.1502 0.3
-0.749389 -1.32436 0.140805 0.3
-0.736569 -1.32903 0.272882 0.3
-0.729602 -1.33146 0.147586 0.3
-0.722592 -1.33376 0.147515 0.3
-0.714966 -1.33581 0.157961 0.3
-0.707592 -1.33776 0.152534 0.3
-0.695267 -1.34179 0.259355 0.3
-0.688953 -1.34442 0.13679 0.3
-0.682343 -1.34697 0.141732 0.3
-0.66564 -1.35177 0.347553 0.3
-0.657762 -1.35345 0.161115 0.3
-0.648381 -1.35518 0.190766 0.3
-0.639185 -1.35634 0.185375 0.3
-0.623493 -1.36046 0.324497 0.3
-0.61604 -1.361 0.149456 0.3
-0.60938 -1.36241 0.136144 0.3
-0.601903 -1.36296 0.149941 0.3
-0.588314 -1.36469 0.273972 0.3
-0.58131 -1.36415 0.14049 0.3
-0.574625 -1.36578 0.137597 0.3
-0.568255 -1.36756 0.132281 0.3
-0.555391 -1.3689 0.258672 0.3
-0.548572 -1.36932 0.136643 0.3
-0.542319 -1.37024 0.126398 0.3
-0.53545 -1.37276 0.146341 0.3
-0.52041 -1.37525 0.304894 0.3
-0.512581 -1.37613 0.157577 0.3
-0.504651 -1.37692 0.159367 0.3
-0.496901 -1.37772 0.155823 0.3
-0.481803 -1.37949 0.304028 0.3
-0.47443 -1.3807 0.149436 0.3
-0.46713 -1.38133 0.146551 0.3
-0.459673 -1.38068 0.149708 0.3
-0.444436 -1.37908 0.306411 0.3
-0.43695 -1.38052 0.152454 0.3
-0.429317 -1.38093 0.152883 0.3
-0.41805 -1.37941 0.22739 0.3
-0.411113 -1.38006 0.139342 0.3
-0.403683 -1.37984 0.148664 0.3
-0.396518 -1.37863 0.145316 0.3
-0.380567 -1.37898 0.319093 0.3
-0.372162 -1.37865 0.168225 0.3
-0.364764 -1.3783 0.148127 0.3
-0.349746 -1.37747 0.300823 0.3
-0.341715 -1.37692 0.160986 0.3
-0.334695 -1.37642 0.140754 0.3
-0.326879 -1.37538 0.157701 0.3
-0.312188 -1.37468 0.294161 0.3
-0.304862 -1.37488 0.146575 0.3
-0.296881 -1.37468 0.159671 0.3
-0.289412 -1.37371 0.150624 0.3
-0.273855 -1.37406 0.311217 0.3
-0.265929 -1.3726 0.161168 0.3
-0.25795 -1.37048 0.165117 0.3
-0.249764 -1.36827 0.169566 0.3
-0.241406 -1.36703 0.169013 0.3
-0.224539 -1.36351 0.344575 0.3
-0.216424 -1.36077 0.171321 0.3
-0.208921 -1.35885 0.1549 0.3
-0.201609 -1.35723 0.149778 0.3
-0.188124 -1.35339 0.280422 0.3
-0.181726 -1.35306 0.128134 0.3
-0.175409 -1.34869 0.153658 0.3
-0.169009 -1.34767 0.129587 0.3
-0.155514 -1.34636 0.27118 0.3
-0.148017 -1.34509 0.152062 0.3
-0.141156 -1.34299 0.143498 0.3
-0.133584 -1.34158 0.15404 0.3
-0.119669 -1.33767 0.289078 0.3
-0.112108 -1.33606 0.154631 0.3
-0.104703 -1.33381 0.154774 0.3
-0.096072 -1.33228 0.175301 0.3
-0.08029 -1.32769 0.328746 0.3
-0.073749 -1.32391 0.151104 0.3
-0.067425 -1.32304 0.127668 0.3
-0.060497 -1.32039 0.148365 0.3
-0.046318 -1.31413 0.309996 0.3
-0.040305 -1.30772 0.17572 0.3
-0.032562 -1.30654 0.156642 0.3
-0.025166 -1.30377 0.15794 0.3
-0.011713 -1.29736 0.298102 0.3
-0.005509 -1.29425 0.138806 0.3
0.001298 -1.29184 0.144394 0.3
0.007281 -1.28756 0.147171 0.3
0.02095 -1.28371 0.283974 0.3
0.027455 -1.27904 0.160144 0.3
0.034604 -1.27577 0.157244 0.3
0.041364 -1.27227 0.152256 0.3
0.049984 -1.26939 0.181793 0.3
0.062695 -1.2624 0.290084 0.3
0.069479 -1.25985 0.144984 0.3
0.076026 -1.2562 0.149866 0.3
0.082994 -1.25313 0.152303 0.3
0.097509 -1.24636 0.320281 0.3
0.104513 -1.24157 0.169773 0.3
0.111866 -1.23639 0.179888 0.3
0.119172 -1.23205 0.169916 0.3
0.132432 -1.22329 0.317913 0.3
0.138215 -1.21866 0.148099 0.3
0.144103 -1.21442 0.145081 0.3
0.149914 -1.21045 0.140798 0.3
0.161884 -1.20219 0.290913 0.3
0.168543 -1.1995 0.143643 0.3
0.174131 -1.19393 0.157757 0.3
0.180241 -1.18977 0.14779 0.3
0.1913 -1.181 0.282312 0.3
0.197599 -1.17737 0.145431 0.3
0.203445 -1.17369 0.138168 0.3
0.209256 -1.16872 0.152929 0.3
0.222263 -1.16063 0.306322 0.3
0.229079 -1.15489 0.178168 0.3
0.235407 -1.15001 0.159835 0.3
0.241729 -1.14653 0.14433 0.3
0.253212 -1.13691 0.299603 0.3
0.258318 -1.13303 0.128234 0.3
0.263093 -1.12671 0.158516 0.3
0.268508 -1.12107 0.156417 0.3
0.281076 -1.10969 0.339079 0.3
0.287274 -1.10389 0.169688 0.3
0.292639 -1.09818 0.156759 0.3
0.297782 -1.09286 0.147933 0.3
0.308282 -1.08249 0.295249 0.3
0.31341 -1.07714 0.148143 0.3
0.31846 -1.0719 0.145591 0.3
0.323505 -1.06667 0.14532 0.3
0.333914 -1.05607 0.297166 0.3
0.338984 -1.05027 0.154041 0.3
0.344078 -1.04505 0.145916 0.3
0.349007 -1.03962 0.146537 0.3
0.358283 -1.02859 0.288301 0.3
0.363505 -1.02341 0.147134 0.3
0.369297 -1.01845 0.152511 0.3
0.374784 -1.01242 0.163071 0.3
0.3858 -0.998971 0.347647 0.3
0.390855 -0.992115 0.170361 0.3
0.395654 -0.985014 0.171411 0.3
0.40088 -0.97796 0.17558 0.3
0.410613 -0.965165 0.321523 0.3
0.414536 -0.958565 0.153558 0.3
0.418486 -0.952349 0.147297 0.3
0.422311 -0.946335 0.142547 0.3
0.429988 -0.934597 0.280512 0.3
0.43385 -0.928979 0.136349 0.3
0.437545 -0.923536 0.131574 0.3
0.441633 -0.918162 0.135043 0.3
0.449172 -0.906814 0.27248 0.3
0.452643 -0.900684 0.140889 0.3
0.457126 -0.89414 0.158646 0.3
0.462117 -0.887534 0.165589 0.3
0.470973 -0.873866 0.325726 0.3
0.475123 -0.867122 0.158372 0.3
0.479376 -0.860996 0.149152 0.3
0.483714 -0.854725 0.152504 0.3
0.492205 -0.842128 0.30383 0.3
0.495532 -0.835497 0.148376 0.3
0.498542 -0.828307 0.155893 0.3
0.502086 -0.820979 0.162799 0.3
0.507722 -0.806164 0.317016 0.3
0.511311 -0.799672 0.14836 0.3
0.514594 -0.79309 0.147107 0.3
0.517603 -0.786378 0.147111 0.3
0.523473 -0.772481 0.301718 0.3
0.526786 -0.764845 0.166475 0.3
0.529781 -0.757382 0.160831 0.3
0.533112 -0.750003 0.16192 0.3
0.538911 -0.736439 0.295032 0.3
0.542213 -0.729441 0.154759 0.3
0.545075 -0.722328 0.153343 0.3
0.54763 -0.715901 0.138325 0.3
0.550534 -0.708074 0.166968 0.3
0.555721 -0.69388 0.30224 0.3
0.558678 -0.686799 0.153473 0.3
0.561569 -0.67953 0.156455 0.3
0.563986 -0.672344 0.151632 0.3
0.568926 -0.657827 0.30669 0.3
0.571118 -0.649937 0.163778 0.3
0.573104 -0.641631 0.170802 0.3
0.575652 -0.633201 0.176133 0.3
0.579614 -0.616095 0.351177 0.3
0.580749 -0.608271 0.158118 0.3
0.58226 -0.601074 0.147079 0.3
0.583773 -0.593966 0.145344 0.3
0.586986 -0.580383 0.279157 0.3
0.588454 -0.573908 0.132787 0.3
0.589463 -0.567368 0.132348 0.3
0.591265 -0.56026 0.146657 0.3
0.594368 -0.546249 0.28701 0.3
0.59534 -0.538756 0.151115 0.3
0.596627 -0.531814 0.141206 0.3
0.598774 -0.524825 0.146227 0.3
0.601833 -0.510524 0.29249 0.3
0.603816 -0.502611 0.163154 0.3
0.605529 -0.494654 0.162786 0.3
0.607745 -0.486072 0.17727 0.3
0.610096 -0.469835 0.328126 0.3
0.610212 -0.462254 0.151638 0.3
0.610793 -0.454811 0.149312 0.3
0.611657 -0.446896 0.159241 0.3
0.611344 -0.431212 0.313742 0.3
0.612153 -0.423827 0.148584 0.3
0.613047 -0.416354 0.150526 0.3
0.613168 -0.408747 0.152159 0.3
0.613444 -0.393328 0.308429 0.3
0.613655 -0.385871 0.1492 0.3
0.613865 -0.3785 0.147479 0.3
0.613973 -0.371677 0.136477 0.3
0.614581 -0.356956 0.294671 0.3
0.615226 -0.349013 0.159383 0.3
0.615703 -0.340874 0.16306 0.3
0.615732 -0.331106 0.19536 0.3
0.615579 -0.323524 0.151671 0.3
0.615281 -0.308222 0.306098 0.3
0.615343 -0.30049 0.154645 0.3
0.615083 -0.292878 0.152329 0.3
0.61493 -0.284979 0.15801 0.3
0.613494 -0.267685 0.34707 0.3
0.612629 -0.258565 0.183218 0.3
0.611868 -0.249781 0.176338 0.3
0.611052 -0.241703 0.162382 0.3
0.608341 -0.226613 0.306632 0.3
0.607241 -0.219416 0.145611 0.3
0.606221 -0.212139 0.146963 0.3
0.604928 -0.20473 0.150419 0.3
0.603214 -0.189888 0.298813 0.3
0.601808 -0.181982 0.160601 0.3
0.600051 -0.174615 0.151473 0.3
0.599278 -0.167262 0.14787 0.3
0.597038 -0.153238 0.284035 0.3
0.595298 -0.146266 0.143717 0.3
0.594248 -0.138714 0.152493 0.3
0.593333 -0.130729 0.160745 0.3
0.591035 -0.11393 0.339109 0.3
0.589647 -0.105985 0.161307 0.3
0.588876 -0.098528 0.149935 0.3
0.58799 -0.091129 0.149037 0.3
0.583627 -0.077486 0.286473 0.3
0.581651 -0.070287 0.149305 0.3
0.57978 -0.062193 0.166149 0.3
0.576807 -0.054039 0.173581 0.3
0.570862 -0.038041 0.341338 0.3
0.568914 -0.030291 0.159821 0.3
0.56663 -0.023013 0.152559 0.3
0.564058 -0.015473 0.159332 0.3
0.558952 -0.001215 0.302894 0.3
0.556503 0.005949 0.15142 0.3
0.55394 0.013352 0.156682 0.3
0.551162 0.021008 0.162888 0.3
0.545897 0.035849 0.314945 0.3
0.543495 0.042622 0.143726 0.3
0.541054 0.049529 0.146513 0.3
0.538391 0.056234 0.144289 0.3
0.532716 0.070328 0.303873 0.3
0.529359 0.078146 0.170165 0.3
0.525931 0.086518 0.180932 0.3
0.52276 0.094448 0.17081 0.3
0.514514 0.110562 0.362026 0.3
0.510981 0.118567 0.175 0.3
0.507668 0.125984 0.162466 0.3
0.50344 0.133144 0.166303 0.3
0.495328 0.147095 0.32276 0.3
0.491558 0.15343 0.147439 0.3
0.487921 0.159462 0.140873 0.3
0.484427 0.165587 0.14103 0.3
0.478379 0.177831 0.273125 0.3
0.474546 0.183679 0.139845 0.3
0.470458 0.189468 0.141738 0.3
0.467073 0.195578 0.1397 0.3
0.459899 0.208557 0.296594 0.3
0.455372 0.215047 0.158258 0.3
0.451362 0.221729 0.155858 0.3
0.4474 0.229042 0.166346 0.3
0.439798 0.24315 0.320516 0.3
0.435862 0.249963 0.157365 0.3
0.432423 0.256915 0.155122 0.3
0.428058 0.263666 0.160785 0.3
0.418146 0.276065 0.317479 0.3
0.413055 0.282649 0.166454 0.3
0.408374 0.28873 0.15348 0.3
0.403412 0.294488 0.152021 0.3
0.39267 0.305694 0.310461 0.3
0.387825 0.311843 0.156568 0.3
0.38324 0.317976 0.153148 0.3
0.377723 0.324435 0.169889 0.3
0.36752 0.336925 0.322553 0.3
0.361905 0.343351 0.170671 0.3
0.356912 0.348469 0.143002 0.3
0.351982 0.354345 0.153404 0.3
0.343361 0.365481 0.281661 0.3
0.339018 0.370761 0.136734 0.3
0.334458 0.376103 0.140471 0.3
0.329051 0.382099 0.161478 0.3
0.317386 0.394132 0.33518 0.3
0.311346 0.399593 0.162855 0.3
0.30531 0.406516 0.183696 0.3
0.300643 0.413574 0.16923 0.3
0.29131 0.426847 0.324516 0.3
0.287218 0.43431 0.170224 0.3
0.28153 0.441628 0.185372 0.3
0.274564 0.448067 0.189722 0.3
0.263325 0.462785 0.37037 0.3
0.259459 0.469188 0.149592 0.3
0.255819 0.47528 0.141932 0.3
0.252465 0.481245 0.136866 0.3
0.244895 0.494394 0.303448 0.3
0.239671 0.501699 0.179614 0.3
0.234917 0.509366 0.180426 0.3
0.231387 0.516469 0.158636 0.3
0.223955 0.529309 0.296715 0.3
0.220086 0.536497 0.163263 0.3
0.216149 0.543498 0.160641 0.3
0.211688 0.550701 0.169451 0.3
0.200905 0.56636 0.380251 0.3
0.194241 0.573221 0.191293 0.3
0.188436 0.579787 0.175283 0.3
0.184513 0.586627 0.157703 0.3
0.17606 0.599775 0.312617 0.3
0.170406 0.605848 0.165951 0.3
0.164546 0.612035 0.170433 0.3
0.158769 0.619273 0.185216 0.3
0.147497 0.633768 0.36724 0.3
0.142628 0.640467 0.16563 0.3
0.137478 0.646733 0.162216 0.3
0.13234 0.652776 0.158641 0.3
0.123268 0.666056 0.321658 0.3
0.117506 0.673106 0.182103 0.3
0.111643 0.679945 0.180163 0.3
0.105661 0.686806 0.182053 0.3
0.096149 0.699728 0.320909 0.3
0.091354 0.70534 0.14763 0.3
0.086039 0.710923 0.154167 0.3
0.080345 0.717058 0.167403 0.3
0.067424 0.727899 0.337331 0.3
0.060587 0.733616 0.178245 0.3
0.054599 0.739394 0.166423 0.3
0.048434 0.744684 0.16247 0.3
0.037896 0.755602 0.303482 0.3
0.032397 0.760687 0.149795 0.3
0.026887 0.764911 0.138856 0.3
0.020857 0.769127 0.147154 0.3
0.015507 0.773951 0.144074 0.3
0.003641 0.784176 0.313275 0.3
-0.002809 0.788374 0.153917 0.3
-0.008574 0.793138 0.149574 0.3
-0.020561 0.80382 0.321119 0.3
-0.026974 0.808178 0.155072 0.3
-0.03282 0.813284 0.155237 0.3
-0.039126 0.819555 0.177866 0.3
-0.051811 0.830234 0.331633 0.3
-0.057803 0.835132 0.154783 0.3
-0.064113 0.839458 0.15301 0.3
-0.070089 0.842813 0.137068 0.3
-0.083373 0.850106 0.303086 0.3
-0.090437 0.854302 0.164325 0.3
-0.098257 0.858308 0.175728 0.3
-0.106216 0.861767 0.173563 0.3
-0.120461 0.867488 0.307018 0.3
-0.126694 0.871222 0.145317 0.3
-0.133649 0.874858 0.156962 0.3
-0.140762 0.878153 0.156782 0.3
-0.153822 0.884333 0.288968 0.3
-0.160962 0.88759 0.156955 0.3
-0.167529 0.890762 0.145859 0.3
-0.175267 0.89429 0.170086 0.3
-0.187678 0.900769 0.280008 0.3
-0.193823 0.903791 0.136958 0.3
-0.199717 0.906787 0.132235 0.3
-0.206268 0.909724 0.143585 0.3
-0.220649 0.915837 0.312526 0.3
-0.229723 0.91831 0.188099 0.3
-0.238357 0.921487 0.183999 0.3
-0.246791 0.924807 0.181279 0.3
-0.263261 0.930579 0.349042 0.3
-0.271076 0.933811 0.169139 0.3
-0.278469 0.935891 0.1536 0.3
-0.286101 0.937278 0.155141 0.3
-0.299614 0.940947 0.280045 0.3
-0.306696 0.942734 0.146079 0.3
-0.313563 0.944338 0.141037 0.3
-0.320169 0.946338 0.138042 0.3
-0.333193 0.950141 0.271358 0.3
-0.339949 0.951874 0.139495 0.3
-0.347134 0.953092 0.14575 0.3
-0.354575 0.954616 0.15191 0.3
-0.370103 0.958922 0.32228 0.3
-0.378262 0.960493 0.166178 0.3
-0.386792 0.96175 0.172442 0.3
-0.395128 0.963899 0.172171 0.3
-0.410024 0.968673 0.312846 0.3
-0.417558 0.970996 0.157681 0.3
-0.424829 0.972723 0.149465 0.3
-0.4324 0.973414 0.152049 0.3
-0.448801 0.975408 0.330436 0.3
-0.456783 0.976378 0.160814 0.3
-0.464655 0.977195 0.158286 0.3
-0.472172 0.977784 0.1508 0.3
-0.487661 0.977373 0.309889 0.3
-0.495396 0.978029 0.155255 0.3
-0.503271 0.979143 0.159068 0.3
-0.511173 0.979707 0.158443 0.3
-0.527337 0.980692 0.32388 0.3
-0.5355 0.981242 0.16363 0.3
-0.543554 0.981595 0.161235 0.3
-0.551127 0.982227 0.151987 0.3
-0.565609 0.983548 0.290842 0.3
-0.572735 0.984144 0.143018 0.3
-0.580249 0.984576 0.150528 0.3
-0.588265 0.985026 0.160572 0.3
-0.6048 0.98428 0.331036 0.3
-0.613604 0.983381 0.176996 0.3
-0.622344 0.982959 0.175004 0.3
-0.630805 0.982656 0.169328 0.3
-0.647332 0.982733 0.330544 0.3
-0.655147 0.98276 0.156301 0.3
-0.663031 0.981899 0.158617 0.3
-0.670786 0.980518 0.157541 0.3
-0.685994 0.978667 0.306405 0.3
-0.693431 0.977884 0.149562 0.3
-0.700813 0.977044 0.148592 0.3
-0.707713 0.976319 0.13876 0.3
-0.721314 0.97486 0.273581 0.3
-0.728631 0.97363 0.148393 0.3
-0.73607 0.972158 0.151664 0.3
-0.74352 0.970523 0.152547 0.3
-0.758312 0.968756 0.297943 0.3
-0.765417 0.967544 0.144153 0.3
-0.773078 0.96563 0.15793 0.3
-0.78096 0.964341 0.159734 0.3
-0.798019 0.963196 0.341947 0.3
-0.806393 0.962643 0.167845 0.3
-0.813809 0.960914 0.152297 0.3
-0.821032 0.958521 0.152182 0.3
-0.83648 0.955055 0.316642 0.3
-0.843934 0.95284 0.155523 0.3
-0.851097 0.950797 0.148973 0.3
-0.857877 0.948866 0.140993 0.3
-0.871053 0.943592 0.283846 0.3
-0.878003 0.94073 0.150325 0.3
-0.885721 0.938721 0.159504 0.3
-0.893575 0.936792 0.161748 0.3
-0.908558 0.931595 0.317174 0.3
-0.915855 0.929219 0.153481 0.3
-0.923406 0.926871 0.158153 0.3
-0.932889 0.923986 0.198242 0.3
-0.940594 0.921507 0.16188 0.3
-0.955786 0.916791 0.318142 0.3
-0.963061 0.914504 0.15252 0.3
-0.970641 0.911957 0.15993 0.3
-0.978282 0.908713 0.166022 0.3
-0.994112 0.900767 0.354248 0.3
-1.00218 0.89672 0.180575 0.3
-1.01015 0.893401 0.172578 0.3
-1.01802 0.890563 0.167377 0.3
-1.02493 0.888055 0.147059 0.3
-1.0405 0.880157 0.349173 0.3
-1.0473 0.876456 0.154768 0.3
-1.05383 0.872732 0.150398 0.3
-1.06041 0.868865 0.152643 0.3
-1.07403 0.864421 0.286475 0.3
-1.08139 0.861702 0.157017 0.3
-1.08806 0.858074 0.151769 0.3
-1.09469 0.853817 0.157666 0.3
-1.1013 0.849994 0.152579 0.3
-1.11509 0.841596 0.323004 0.3
-1.12295 0.838623 0.167995 0.3
-1.13085 0.835847 0.167527 0.3
-1.14752 0.829261 0.358404 0.3
-1.15545 0.827758 0.161523 0.3
-1.16351 0.826148 0.164363 0.3
-1.17091 0.823294 0.158682 0.3
-1.18461 0.817062 0.300962 0.3
-1.1927 0.814116 0.172269 0.3
-1.20097 0.810767 0.178282 0.3
-1.20959 0.806917 0.188886 0.3
-1.22496 0.800084 0.336481 0.3
-1.23205 0.795702 0.166563 0.3
-1.23971 0.791765 0.172285 0.3
-1.24737 0.788243 0.168636 0.3
-1.26128 0.782012 0.304855 0.3
-1.26827 0.77852 0.156293 0.3
-1.2753 0.774617 0.160868 0.3
-1.28197 0.770216 0.159822 0.3
-1.29452 0.761411 0.306532 0.3
-1.30158 0.756718 0.169517 0.3
-1.30927 0.752771 0.172983 0.3
-1.31696 0.749548 0.166761 0.3
-1.3316 0.7404 0.345212 0.3
-1.33916 0.735042 0.185388 0.3
-1.3461 0.729102 0.182608 0.3
-1.35321 0.723892 0.17642 0.3
-1.36811 0.716142 0.335866 0.3
-1.37463 0.711274 0.162719 0.3
-1.38088 0.706794 0.153796 0.3
-1.38726 0.702491 0.153893 0.3
-1.39448 0.696561 0.186877 0.3
-1.40552 0.687964 0.279802 0.3
-1.41165 0.683749 0.148752 0.3
-1.41773 0.679013 0.154217 0.3
-1.42364 0.674068 0.154012 0.3
-1.43547 0.665241 0.295302 0.3
-1.44107 0.659711 0.157405 0.3
-1.44697 0.653433 0.172237 0.3
-1.45384 0.647493 0.181743 0.3
-1.46653 0.63581 0.344892 0.3
-1.47274 0.63031 0.165908 0.3
-1.47946 0.625829 0.161658 0.3
-1.48569 0.621515 0.151423 0.3
-1.49599 0.610341 0.30398 0.3
-1.5017 0.604124 0.168893 0.3
-1.50707 0.598611 0.153811 0.3
-1.51194 0.59312 0.146816 0.3
-1.52207 0.581021 0.315558 0.3
-1.5268 0.575144 0.15088 0.3
-1.53157 0.569328 0.150551 0.3
-1.53588 0.562786 0.156694 0.3
-1.54559 0.549741 0.325205 0.3
-1.55115 0.543393 0.168708 0.3
-1.55631 0.537188 0.161493 0.3
-1.56105 0.530636 0.161736 0.3
-1.57082 0.518442 0.312479 0.3
-1.5752 0.512646 0.145236 0.3
-1.57969 0.50711 0.142559 0.3
-1.58447 0.501181 0.152405 0.3
-1.59468 0.48905 0.317051 0.3
-1.59938 0.482168 0.166675 0.3
-1.60363 0.475239 0.16253 0.3
-1.60817 0.467997 0.171001 0.3
-1.61611 0.452461 0.348957 0.3
-1.62086 0.444831 0.179712 0.3
-1.62643 0.438019 0.176049 0.3
-1.63115 0.431293 0.164305 0.3
-1.6387 0.41726 0.31874 0.3
-1.64253 0.410609 0.153429 0.3
-1.6459 0.403855 0.150989 0.3
-1.64921 0.397186 0.148895 0.3
-1.65374 0.390086 0.168506 0.3
-1.66042 0.378548 0.266614 0.3
-1.66366 0.371551 0.154207 0.3
-1.66701 0.364629 0.153766 0.3
-1.67034 0.358116 0.14629 0.3
-1.67653 0.343848 0.31109 0.3
-1.67974 0.336419 0.16188 0.3
-1.68336 0.329654 0.153415 0.3
-1.68716 0.322528 0.161527 0.3
-1.69422 0.30709 0.339507 0.3
-1.69931 0.299262 0.186757 0.3
-1.70321 0.292163 0.162033 0.3
-1.70552 0.284655 0.15706 0.3
-1.71162 0.269596 0.324996 0.3
-1.71488 0.262249 0.160755 0.3
-1.71714 0.254917 0.153419 0.3
-1.71952 0.247895 0.148307 0.3
-1.72438 0.233495 0.30396 0.3
-1.72626 0.226187 0.150929 0.3
-1.72769 0.218296 0.160401 0.3
-1.73035 0.208319 0.206505 0.3
-1.73333 0.201056 0.156981 0.3
-1.73787 0.187482 0.286243 0.3
-1.74037 0.179747 0.162579 0.3
-1.74286 0.171832 0.165955 0.3
-1.74508 0.164067 0.161528 0.3
-1.7498 0.148617 0.323133 0.3
-1.75189 0.141739 0.143747 0.3
-1.75471 0.134567 0.154159 0.3
-1.75682 0.126636 0.164138 0.3
-1.75965 0.110945 0.318883 0.3
-1.76099 0.102284 0.175253 0.3
-1.76184 0.092494 0.196547 0.3
-1.76313 0.083608 0.179574 0.3
-1.76776 0.067798 0.329514 0.3
-1.76844 0.060172 0.153115 0.3
-1.76968 0.052625 0.152967 0.3
-1.77115 0.044834 0.158581 0.3
-1.77267 0.030216 0.293922 0.3
-1.774 0.022979 0.147178 0.3
-1.7755 0.015245 0.157551 0.3
-1.77655 0.007732 0.151732 0.3
-1.77741 -0.006276 0.280687 0.3
-1.77826 -0.014165 0.158693 0.3
-1.77857 -0.021057 0.137982 0.3
-1.77894 -0.028012 0.139298 0.3
-1.77952 -0.04494 0.338755 0.3
-1.7811 -0.053436 0.172852 0.3
-1.78181 -0.06171 0.16608 0.3
-1.78221 -0.069805 0.162099 0.3
-1.78357 -0.077374 0.153804 0.3
-1.78395 -0.091627 0.285164 0.3
-1.7841 -0.099175 0.15099 0.3
-1.78457 -0.107376 0.164281 0.3
-1.78457 -0.124893 0.35034 0.3
-1.78406 -0.133264 0.167735 0.3
-1.78372 -0.140978 0.154431 0.3
-1.78368 -0.148678 0.154002 0.3
-1.78193 -0.163747 0.303403 0.3
-1.78061 -0.171322 0.153783 0.3
-1.78028 -0.180857 0.190814 0.3
-1.78028 -0.188736 0.15758 0.3
-1.77991 -0.196667 0.158791 0.3
-1.77835 -0.211287 0.294052 0.3
-1.77824 -0.218852 0.151318 0.3
-1.77784 -0.225505 0.133298 0.3
-1.77732 -0.232505 0.140377 0.3
-1.77688 -0.247438 0.298794 0.3
-1.77617 -0.255695 0.165751 0.3
-1.7748 -0.264497 0.178145 0.3
-1.7732 -0.273289 0.178713 0.3
-1.76865 -0.291314 0.371843 0.3
-1.76629 -0.29981 0.176359 0.3
-1.76533 -0.308306 0.170986 0.3
-1.76443 -0.315696 0.14889 0.3
-1.76149 -0.330046 0.292969 0.3
-1.7602 -0.337199 0.145372 0.3
-1.75846 -0.344304 0.146327 0.3
-1.75679 -0.350908 0.136223 0.3
-1.75543 -0.357411 0.132878 0.3
-1.75253 -0.372636 0.309945 0.3
-1.75068 -0.379223 0.136837 0.3
-1.74883 -0.386195 0.144301 0.3
-1.7467 -0.393481 0.151808 0.3
-1.7422 -0.40904 0.323957 0.3
-1.73916 -0.417121 0.172635 0.3
-1.73606 -0.425377 0.176405 0.3
-1.73395 -0.433379 0.165525 0.3
-1.73026 -0.448729 0.315732 0.3
-1.72807 -0.456088 0.153571 0.3
-1.72583 -0.463251 0.150071 0.3
-1.72317 -0.470628 0.156852 0.3
-1.71777 -0.486188 0.329382 0.3
-1.71504 -0.493551 0.157077 0.3
-1.7121 -0.500445 0.149934 0.3
-1.70911 -0.507404 0.151436 0.3
-1.70332 -0.521136 0.298038 0.3
-1.7001 -0.528233 0.155908 0.3
-1.69683 -0.535596 0.161106 0.3
-1.6929 -0.542752 0.163293 0.3
-1.68576 -0.557033 0.319372 0.3
-1.68263 -0.564705 0.165681 0.3
-1.67919 -0.571878 0.15907 0.3
-1.67612 -0.578863 0.152614 0.3
-1.6702 -0.592167 0.291242 0.3
-1.66685 -0.599186 0.155532 0.3
-1.66361 -0.606524 0.160429 0.3
-1.66046 -0.613803 0.158644 0.3
-1.65658 -0.620769 0.159512 0.3
-1.64891 -0.634583 0.316028 0.3
-1.6446 -0.641474 0.162473 0.3
-1.63973 -0.648387 0.169111 0.3
-1.63075 -0.663271 0.347694 0.3
-1.62745 -0.671873 0.184279 0.3
-1.62341 -0.680056 0.182493 0.3
-1.61877 -0.687341 0.172743 0.3
-1.6109 -0.701017 0.315607 0.3
-1.60732 -0.70771 0.151787 0.3
-1.60387 -0.713827 0.140457 0.3
-1.60026 -0.719892 0.141131 0.3
-1.59546 -0.726186 0.158405 0.3
-1.58596 -0.742671 0.380459 0.3
-1.58254 -0.750152 0.164538 0.3
-1.57962 -0.757625 0.160443 0.3
-1.57648 -0.764909 0.158687 0.3
-1.57002 -0.779699 0.322738 0.3
-1.56805 -0.788075 0.172122 0.3
-1.56536 -0.796803 0.182657 0.3
-1.56233 -0.805875 0.191255 0.3
-1.55493 -0.821256 0.341387 0.3
-1.5523 -0.828642 0.156833 0.3
-1.54971 -0.836299 0.161638 0.3
-1.54616 -0.843417 0.159074 0.3
-1.53817 -0.858039 0.33331 0.3
-1.53415 -0.865439 0.16841 0.3
-1.52957 -0.87235 0.16575 0.3
-1.52507 -0.878618 0.154357 0.3
-1.51981 -0.884354 0.155652 0.3
-1.50838 -0.897332 0.345823 0.3
-1.50319 -0.90467 0.179803 0.3
-1.49923 -0.912147 0.169274 0.3
-1.49553 -0.919834 0.170562 0.3
-1.48653 -0.935123 0.354867 0.3
-1.48272 -0.942464 0.16537 0.3
-1.47913 -0.94968 0.161247 0.3
-1.47502 -0.956639 0.161601 0.3
-1.46591 -0.970794 0.336642 0.3
-1.46136 -0.977879 0.168437 0.3
-1.45617 -0.984849 0.173824 0.3
-1.44483 -0.99838 0.35313 0.3
-1.43957 -1.00541 0.175569 0.3
-1.43421 -1.01389 0.200569 0.3
-1.43029 -1.02015 0.147815 0.3
-1.42594 -1.02613 0.147929 0.3
-1.42137 -1.03206 0.149661 0.3
-1.41122 -1.04364 0.307987 0.3
-1.40648 -1.05039 0.164975 0.3
-1.40078 -1.05549 0.153005 0.3
-1.39491 -1.06091 0.159717 0.3
-1.38363 -1.07281 0.327961 0.3
-1.37851 -1.07857 0.154158 0.3
-1.37379 -1.08559 0.169052 0.3
-1.36557 -1.09141 0.201479 0.3
-1.3601 -1.09936 0.19314 0.3
-1.3493 -1.11255 0.340871 0.3
-1.34272 -1.11579 0.146592 0.3
-1.33755 -1.12176 0.157967 0.3
-1.33152 -1.12677 0.156865 0.3
-1.31937 -1.13723 0.320643 0.3
-1.31137 -1.14149 0.181261 0.3
-1.30397 -1.14692 0.1837 0.3
-1.29185 -1.15751 0.321842 0.3
-1.28467 -1.16034 0.154314 0.3
-1.27854 -1.1655 0.160115 0.3
-1.27231 -1.1702 0.156235 0.3
-1.26562 -1.17409 0.15471 0.3
-1.2522 -1.18218 0.313429 0.3
-1.24517 -1.18658 0.165771 0.3
-1.23838 -1.1915 0.167885 0.3
-1.23221 -1.1963 0.15626 0.3
-1.22047 -1.20405 0.281341 0.3
-1.21424 -1.2085 0.153144 0.3
-1.20804 -1.21295 0.152609 0.3
-1.20223 -1.21919 0.170472 0.3
-1.18652 -1.22786 0.358876 0.3
-1.17866 -1.23234 0.181011 0.3
-1.17021 -1.23632 0.186715 0.3
-1.1621 -1.24032 0.180991 0.3
-1.14644 -1.24849 0.353146 0.3
-1.13848 -1.25267 0.179762 0.3
-1.13135 -1.25677 0.164582 0.3
-1.12395 -1.26099 0.170323 0.3
-1.11075 -1.26771 0.29626 0.3
-1.10438 -1.27165 0.149783 0.3
-1.0984 -1.27474 0.134677 0.3
-1.09187 -1.27775 0.143808 0.3
-1.07901 -1.28348 0.281616 0.3
-1.07123 -1.2867 0.168407 0.3
-1.06397 -1.28979 0.157815 0.3
-1.04847 -1.29556 0.330659 0.3
-1.03978 -1.29844 0.183248 0.3
-1.03167 -1.30132 0.172032 0.3
-1.02367 -1.30475 0.174121 0.3
-1.01678 -1.30892 0.161012 0.3
-1.00242 -1.31423 0.30615 0.3
-0.995077 -1.31644 0.153466 0.3
-0.987556 -1.31969 0.16384 0.3
-0.979454 -1.32284 0.173907 0.3
-0.964707 -1.3272 0.307526 0.3
-0.957577 -1.32938 0.149105 0.3
-0.950391 -1.33179 0.151606 0.3
-0.943085 -1.33397 0.15252 0.3
-0.925685 -1.3363 0.351088 0.3
-0.917229 -1.33829 0.173772 0.3
-0.90896 -1.33953 0.167206 0.3
-0.901368 -1.34079 0.153936 0.3
-0.886743 -1.34514 0.305147 0.3
-0.879223 -1.34722 0.156074 0.3
-0.872343 -1.34893 0.141753 0.3
-0.865556 -1.35083 0.140948 0.3
-0.85013 -1.35484 0.318803 0.3
-0.842505 -1.35667 0.156808 0.3
-0.834426 -1.35807 0.163988 0.3
-0.826406 -1.35953 0.163036 0.3
-0.810235 -1.36177 0.326527 0.3
-0.801722 -1.36253 0.170934 0.3
-0.792764 -1.36384 0.181068 0.3
-0.783537 -1.3646 0.185166 0.3
-0.765163 -1.36652 0.369464 0.3
-0.757163 -1.36759 0.161438 0.3
-0.74984 -1.36871 0.148148 0.3
-0.742326 -1.36964 0.151446 0.3
-0.728242 -1.37138 0.283818 0.3
-0.721367 -1.37226 0.138619 0.3
-0.714278 -1.37272 0.142073 0.3
-0.706966 -1.3732 0.146561 0.3
-0.691466 -1.37405 0.310469 0.3
-0.684071 -1.37423 0.147941 0.3
-0.676981 -1.37504 0.142732 0.3
-0.668961 -1.37493 0.160416 0.3
-0.652749 -1.37488 0.324241 0.3
-0.643999 -1.37516 0.175088 0.3
-0.635393 -1.37665 0.174666 0.3
-0.627629 -1.37646 0.155324 0.3
-0.611967 -1.37443 0.315882 0.3
-0.603805 -1.37504 0.163696 0.3
-0.595832 -1.37481 0.159526 0.3
-0.587948 -1.37423 0.1581 0.3
-0.573021 -1.3733 0.299122 0.3
-0.565143 -1.37282 0.157852 0.3
-0.557448 -1.37098 0.158238 0.3
-0.549764 -1.37056 0.15391 0.3
-0.534295 -1.37011 0.309511 0.3
-0.526432 -1.36823 0.161679 0.3
-0.518371 -1.36658 0.164579 0.3
-0.510148 -1.36604 0.164801 0.3
-0.494026 -1.36667 0.322678 0.3
-0.485542 -1.36546 0.171378 0.3
-0.478473 -1.3658 0.141537 0.3
-0.470652 -1.36432 0.159166 0.3
-0.454928 -1.36206 0.317717 0.3
-0.447411 -1.36124 0.151237 0.3
-0.439323 -1.35887 0.168572 0.3
-0.430784 -1.35724 0.173849 0.3
-0.413027 -1.35274 0.366381 0.3
-0.404954 -1.3515 0.163342 0.3
-0.3976 -1.34986 0.150697 0.3
-0.389348 -1.34645 0.1786 0.3
-0.374058 -1.3436 0.311063 0.3
-0.366657 -1.34228 0.150345 0.3
-0.359824 -1.34074 0.140092 0.3
-0.352227 -1.33967 0.153437 0.3
-0.336788 -1.33625 0.316265 0.3
-0.329274 -1.33383 0.157894 0.3
-0.321778 -1.33185 0.155072 0.3
-0.314438 -1.3306 0.148897 0.3
-0.299689 -1.32604 0.308768 0.3
-0.291737 -1.32397 0.16434 0.3
-0.283375 -1.32175 0.173029 0.3
-0.275 -1.31896 0.176568 0.3
-0.259339 -1.31408 0.328092 0.3
-0.252518 -1.31314 0.137693 0.3
-0.24614 -1.31028 0.139797 0.3
-0.24003 -1.30624 0.146464 0.3
-0.230894 -1.30339 0.191452 0.3
-0.215069 -1.29762 0.336883 0.3
-0.207041 -1.29468 0.170974 0.3
-0.198984 -1.29125 0.17512 0.3
-0.191545 -1.2878 0.164035 0.3
-0.177247 -1.2823 0.30638 0.3
-0.170533 -1.2796 0.144694 0.3
-0.164209 -1.27658 0.140206 0.3
-0.157884 -1.27312 0.14419 0.3
-0.144629 -1.26506 0.310222 0.3
-0.13742 -1.26218 0.155267 0.3
-0.13026 -1.25851 0.160916 0.3
-0.123541 -1.25528 0.149153 0.3
-0.110401 -1.24858 0.294946 0.3
-0.103573 -1.24565 0.148578 0.3
-0.096365 -1.24198 0.161807 0.3
-0.088819 -1.23744 0.17616 0.3
-0.073207 -1.22861 0.358664 0.3
-0.066104 -1.22369 0.172833 0.3
-0.058641 -1.21887 0.177728 0.3
-0.05134 -1.21479 0.167186 0.3
-0.037991 -1.20479 0.333644 0.3
-0.030913 -1.20003 0.170538 0.3
-0.02366 -1.19607 0.165273 0.3
-0.017593 -1.19211 0.144988 0.3
-0.006604 -1.18533 0.258266 0.3
-0.001027 -1.18191 0.13077 0.3
0.004842 -1.17833 0.137556 0.3
0.010778 -1.17451 0.141103 0.3
0.022119 -1.16587 0.285143 0.3
0.028373 -1.16115 0.156681 0.3
0.034788 -1.15606 0.163818 0.3
0.041365 -1.15063 0.170641 0.3
0.054228 -1.13978 0.336546 0.3
0.060807 -1.1348 0.165025 0.3
0.067106 -1.12926 0.167812 0.3
0.073623 -1.12481 0.157795 0.3
0.084813 -1.11483 0.299864 0.3
0.090166 -1.1089 0.159699 0.3
0.0967 -1.10359 0.168404 0.3
0.103224 -1.09844 0.166285 0.3
0.114474 -1.08778 0.309939 0.3
0.120091 -1.08273 0.151054 0.3
0.12565 -1.07762 0.15107 0.3
0.131121 -1.0721 0.155437 0.3
0.142655 -1.06043 0.328131 0.3
0.148519 -1.05475 0.16325 0.3
0.154158 -1.04892 0.162233 0.3
0.159677 -1.04273 0.165817 0.3
0.170135 -1.02999 0.329777 0.3
0.175379 -1.02495 0.145383 0.3
0.180596 -1.01996 0.144427 0.3
0.185671 -1.01455 0.148312 0.3
0.197041 -1.0028 0.327096 0.3
0.202119 -0.996309 0.164764 0.3
0.207129 -0.989882 0.16298 0.3
0.212484 -0.983487 0.166819 0.3
0.222201 -0.969743 0.336641 0.3
0.227611 -0.963207 0.169691 0.3
0.233544 -0.956359 0.181213 0.3
0.238689 -0.948882 0.181524 0.3
0.247627 -0.933627 0.353611 0.3
0.252692 -0.927396 0.160599 0.3
0.25745 -0.92157 0.15044 0.3
0.26182 -0.915959 0.142239 0.3
0.270757 -0.90527 0.278658 0.3
0.275014 -0.899431 0.144521 0.3
0.278956 -0.892959 0.15156 0.3
0.283112 -0.886386 0.155534 0.3
0.291151 -0.873526 0.303318 0.3
0.29494 -0.867206 0.147376 0.3
0.298562 -0.86047 0.15296 0.3
0.302384 -0.853463 0.159632 0.3
0.311084 -0.839422 0.330357 0.3
0.315661 -0.83182 0.17747 0.3
0.320132 -0.823786 0.183885 0.3
0.323821 -0.816736 0.159138 0.3
0.330144 -0.802261 0.315915 0.3
0.334075 -0.795008 0.164995 0.3
0.338009 -0.787861 0.163164 0.3
0.341605 -0.780814 0.15823 0.3
0.348645 -0.76664 0.316521 0.3
0.35184 -0.759194 0.16205 0.3
0.354905 -0.75195 0.157315 0.3
0.357897 -0.74522 0.147303 0.3
0.363998 -0.731727 0.296164 0.3
0.366972 -0.724885 0.149208 0.3
0.369758 -0.717535 0.157205 0.3
0.372 -0.709702 0.162951 0.3
0.378262 -0.694625 0.326514 0.3
0.381416 -0.687325 0.159044 0.3
0.384495 -0.680395 0.151664 0.3
0.387639 -0.672955 0.161541 0.3
0.392763 -0.657179 0.331745 0.3
0.395522 -0.64896 0.173395 0.3
0.398017 -0.640506 0.176289 0.3
0.398017 -0.640506 0 0.3
0.398017 -0.640506 0 0.3
0.398017 -0.640506 0 0.3
0.398017 -0.640506 0 0.3
0.398017 -0.640506 0 0.3
