Waypoints: 
-1.01,-0.57
1.46,-0.57
1.46,1.45
-1,1.45

40% output

x       y       velocity      desired_vel     vel_output      heading    crosstrack_error   steer_angle
0 0 0 0.2 36.46 0 -0.57 -100
0 0 0 0.2 41.92 0 -0.57 -100
0 0 0 0.2 47.38 0 -0.57 -100
0 0 0.019 0.2 49.3763 0 -0.57 -100
0 0 0.043 0.2 49.9424 0 -0.57 -100
0 0 0.068 0.2 49.671 0 -0.57 -100
0 0 0.078 0.2 51.4516 0 -0.57 -100
0 0 0.089 0.2 52.7769 0 -0.57 -100
0 0 0.108 0.2 52.3435 0 -0.57 -100
0 0 0.13 0.2 50.8445 0 -0.57 -100
0 0 0.13 0.2 52.7555 0 -0.57 -100
0 0 0.141 0.2 52.6612 0 -0.57 -100
0 0 0.147 0.2 53.1781 0 -0.57 -100
0 0 0.151 0.2 53.8958 0 -0.57 -100
0 0 0.157 0.2 54.1397 0 -0.57 -100
0 0 0.164 0.2 54.0375 0 -0.57 -100
0 0 0.164 0.2 55.0203 0 -0.57 -100
0 0 0.163 0.2 56.1854 0 -0.57 -100
0 0 0.163 0.2 57.1955 0 -0.57 -100
0 0 0.166 0.2 57.6587 0 -0.57 -100
0 0 0.168 0.2 58.2223 0 -0.57 -100
0 0 0.168 0.2 59.0959 0 -0.57 -100
0 0 0.168 0.2 59.9695 0 -0.57 -100
0 0 0.169 0.2 60.6608 0 -0.57 -100
0 0 0.169 0.2 61.5071 0 -0.57 -100
0 0 0.171 0.2 61.9888 0 -0.57 -100
0 0 0.171 0.2 62.7805 0 -0.57 -100
0 0 0.172 0.2 63.3899 0 -0.57 -100
0 0 0.171 0.2 64.3366 0 -0.57 -100
0 0 0.169 0.2 65.4929 0 -0.57 -100
0 0 0.169 0.2 66.3392 0 -0.57 -100
0 0 0.171 0.2 66.8209 0 -0.57 -100
0 0 0.171 0.2 67.6126 0 -0.57 -100
0 0 0.173 0.2 68.0397 0 -0.57 -100
0 0 0.173 0.2 68.7768 0 -0.57 -100
0 0 0.175 0.2 69.1493 0 -0.57 -100
0 0 0.176 0.2 69.6495 0 -0.57 -100
0 0 0.177 0.2 70.1224 0 -0.57 -100
0 0 0.177 0.2 70.7503 0 -0.57 -100
0 0 0.175 0.2 71.7428 0 -0.57 -100
0 0 0.175 0.2 72.4253 0 -0.57 -100
0 0 0.172 0.2 73.6547 0 -0.57 -100
0 0 0.172 0.2 74.4191 0 -0.57 -100
0 0 0.171 0.2 75.3658 0 -0.57 -100
0 0 0.171 0.2 76.1575 0 -0.57 -100
0 0 0.172 0.2 76.7669 0 -0.57 -100
0 0 0.172 0.2 77.5313 0 -0.57 -100
0 0 0.173 0.2 78.1134 0 -0.57 -100
0 0 0.172 0.2 79.0328 0 -0.57 -100
0 0 0.172 0.2 79.7972 0 -0.57 -100
0 0 0.172 0.2 80.5616 0 -0.57 -100
0 0 0.174 0.2 80.9614 0 -0.57 -100
0 0 0.174 0.2 81.6712 0 -0.57 -100
0 0 0.174 0.2 82.381 0 -0.57 -100
0 0 0.174 0.2 83.0908 0 -0.57 -100
0 0 0.174 0.2 83.8006 0 -0.57 -100
0 0 0.174 0.2 84.5104 0 -0.57 -100
0 0 0.173 0.2 85.4025 0 -0.57 -100
0 0 0.173 0.2 86.1396 0 -0.57 -100
0 0 0.175 0.2 86.5121 0 -0.57 -100
0 0 0.175 0.2 87.1946 0 -0.57 -100
0 0 0.176 0.2 87.6948 0 -0.57 -100
0 0 0.176 0.2 88.35 0 -0.57 -100
0 0 0.174 0.2 89.3698 0 -0.57 -100
0 0 0.174 0.2 90.0796 0 -0.57 -100
0 0 0.172 0.2 91.154 0 -0.57 -100
0 0 0.172 0.2 91.9184 0 -0.57 -100
0 0 0.173 0.2 92.5005 0 -0.57 -100
0 0 0.173 0.2 93.2376 0 -0.57 -100
0 0 0.174 0.2 93.7924 0 -0.57 -100
0 0 0.174 0.2 94.5022 0 -0.57 -100
0 0 0.176 0.2 94.8474 0 -0.57 -100
0 0 0.176 0.2 95.5026 0 -0.57 -100
0 0 0.177 0.2 95.9755 0 -0.57 -100
0 0 0.177 0.2 96.6034 0 -0.57 -100
0 0 0.179 0.2 96.8667 0 -0.57 -100
0 0 0.179 0.2 97.44 0 -0.57 -100
0 0 0.177 0.2 98.3779 0 -0.57 -100
0 0 0.177 0.2 99.0058 0 -0.57 -100
0 0 0.173 0.2 100 0 -0.57 -100
0 0 0.173 0.2 100 0 -0.57 -100
0 0 0.174 0.2 100 0 -0.57 -100
0 0 0.174 0.2 100 0 -0.57 -100
0 0 0.176 0.2 100 0 -0.57 -100
0 0 0.176 0.2 100 0 -0.57 -100
0 0 0.178 0.2 100 0 -0.57 -100
0 0 0.178 0.2 100 0 -0.57 -100
0 0 0.174 0.2 100 0 -0.57 -100
0 0 0.174 0.2 100 0 -0.57 -100
0 0 0.175 0.2 100 0 -0.57 -100
0 0 0.175 0.2 100 0 -0.57 -100
0 0 0.177 0.2 100 0 -0.57 -100
0 0 0.177 0.2 100 0 -0.57 -100
0 0 0.175 0.2 100 0 -0.57 -100
0 0 0.175 0.2 100 0 -0.57 -100
0 0 0.174 0.2 100 0 -0.57 -100
0 0 0.174 0.2 100 0 -0.57 -100
0 0 0.176 0.2 100 0 -0.57 -100
0 0 0.176 0.2 100 0 -0.57 -100
0 0 0.177 0.2 100 0 -0.57 -100
0 0 0.177 0.2 100 0 -0.57 -100
0 0 0.176 0.2 100 0 -0.57 -100
0 0 0.176 0.2 100 0 -0.57 -100
0 0 0.176 0.2 100 0 -0.57 -100
0 0 0.176 0.2 100 0 -0.57 -100
0 0 0.174 0.2 100 0 -0.57 -100
0 0 0.174 0.2 100 0 -0.57 -100
0 0 0.174 0.2 100 0 -0.57 -100
0 0 0.174 0.2 100 0 -0.57 -100
0 0 0.176 0.2 100 0 -0.57 -100
0 0 0.176 0.2 100 0 -0.57 -100
0 0 0.176 0.2 100 0 -0.57 -100
0 0 0.176 0.2 100 0 -0.57 -100
0 0 0.176 0.2 100 0 -0.57 -100
0 0 0.176 0.2 100 0 -0.57 -100
