Desired velocity: 0.2
Waypoints: 
-1.01,-0.57
1.46,-0.57
1.46,1.45
-1,1.45
x       y       velocity      desired_vel     vel_output      heading    crosstrack_error   steer_angle
0 0 0 0.2 36.46 0 -0.57 -100
0 0 0 0.2 41.92 0 -0.57 -100
0 0 0 0.2 47.38 0 -0.57 -100
0 0 0 0.2 52.84 0 -0.57 -100
0 0 0.038 0.2 51.3726 0 -0.57 -100
0 0 0.07 0.2 49.9616 0 -0.57 -100
0 0 0.093 0.2 49.3177 0 -0.57 -100
0 0 0.129 0.2 45.676 0 -0.57 -100
0 0 0.151 0.2 43.6037 0 -0.57 -100
0 0 0.177 0.2 40.2016 0 -0.57 -100
0 0 0.19 0.2 38.4596 0 -0.57 -100
0 0 0.19 0.2 38.7326 0 -0.57 -100
0 0 0.212 0.2 34.995 0 -0.57 -100
0 0 0.212 0.2 34.6674 0 -0.57 -100
0 0 0.21 0.2 34.7044 0 -0.57 -100
0 0 0.21 0.2 34.4314 0 -0.57 -100
0 0 0.196 0.2 36.7106 0 -0.57 -100
0 0 0.196 0.2 36.8198 0 -0.57 -100
0 0 0.183 0.2 39.2989 0 -0.57 -100
0 0 0.177 0.2 40.8568 0 -0.57 -100
0 0 0.172 0.2 42.3962 0 -0.57 -100
0 0 0.172 0.2 43.1606 0 -0.57 -100
0 0 0.164 0.2 45.3834 0 -0.57 -100
0 0 0.167 0.2 45.8193 0 -0.57 -100
0 0 0.174 0.2 45.4441 0 -0.57 -100
0 0 0.174 0.2 46.1539 0 -0.57 -100
0 0 0.184 0.2 45.0407 0 -0.57 -100
0 0 0.184 0.2 45.4775 0 -0.57 -100
0 0 0.193 0.2 44.2736 0 -0.57 -100
0 0 0.193 0.2 44.4647 0 -0.57 -100
0 0 0.202 0.2 43.0151 0 -0.57 -100
0 0 0.202 0.2 42.9605 0 -0.57 -100
0 0 0.212 0.2 41.0829 0 -0.57 -100
0 0 0.211 0.2 40.9376 0 -0.57 -100
0 0 0.207 0.2 41.3665 0 -0.57 -100
0 0 0.207 0.2 41.1754 0 -0.57 -100
0 0 0.206 0.2 41.1666 0 -0.57 -100
0 0 0.206 0.2 41.0028 0 -0.57 -100
0 0 0.206 0.2 40.839 0 -0.57 -100
0 0 0.202 0.2 41.4044 0 -0.57 -100
0 0 0.199 0.2 41.8967 0 -0.57 -100
0 0 0.197 0.2 42.2886 0 -0.57 -100
0 0 0.197 0.2 42.3705 0 -0.57 -100
0 0 0.2 0.2 41.9055 0 -0.57 -100
0 0 0.201 0.2 41.7232 0 -0.57 -100
0 0 0.201 0.2 41.6959 0 -0.57 -100
0 0 0.199 0.2 42.0332 0 -0.57 -100
0 0 0.199 0.2 42.0605 0 -0.57 -100
0 0 0.176 0.2 46.2807 0 -0.57 -100
0 0 0.172 0.2 47.6651 0 -0.57 -100
0 0 0.171 0.2 48.6118 0 -0.57 -100
0 0 0.173 0.2 49.0389 0 -0.57 -100
0 0 0.176 0.2 49.2291 0 -0.57 -100
0 0 0.179 0.2 49.3374 0 -0.57 -100
0 0 0.181 0.2 49.5461 0 -0.57 -100
0 0 0.186 0.2 49.1533 0 -0.57 -100
0 0 0.19 0.2 48.8063 0 -0.57 -100
0 0 0.194 0.2 48.3501 0 -0.57 -100
0 0 0.2 0.2 47.4201 0 -0.57 -100
0 0 0.202 0.2 47.0555 0 -0.57 -100
0 0 0.203 0.2 46.8186 0 -0.57 -100
0 0 0.204 0.2 46.5544 0 -0.57 -100
0 0 0.205 0.2 46.2629 0 -0.57 -100
0 0 0.202 0.2 46.6733 0 -0.57 -100
0 0 0.202 0.2 46.6187 0 -0.57 -100
0 0 0.202 0.2 46.5641 0 -0.57 -100
0 0 0.198 0.2 47.2387 0 -0.57 -100
0 0 0.199 0.2 47.111 0 -0.57 -100
0 0 0.2 0.2 46.956 0 -0.57 -100
0 0 0.199 0.2 47.1383 0 -0.57 -100
0 0 0.2 0.2 46.9833 0 -0.57 -100
0 0 0.203 0.2 46.4364 0 -0.57 -100
0 0 0.204 0.2 46.1722 0 -0.57 -100
0 0 0.206 0.2 45.6984 0 -0.57 -100
0 0 0.207 0.2 45.3523 0 -0.57 -100
0 0 0.203 0.2 45.8904 0 -0.57 -100
0 0 0.195 0.2 47.2669 0 -0.57 -100
0 0 0.19 0.2 48.3149 0 -0.57 -100
0 0 0.187 0.2 49.1348 0 -0.57 -100
0 0 0.182 0.2 50.4012 0 -0.57 -100
0 0 0.18 0.2 51.2572 0 -0.57 -100
0 0 0.177 0.2 52.3501 0 -0.57 -100
0 0 0.179 0.2 52.6134 0 -0.57 -100
0 0 0.184 0.2 52.2752 0 -0.57 -100
0 0 0.189 0.2 51.8005 0 -0.57 -100
0 0 0.194 0.2 51.1893 0 -0.57 -100
0 0 0.199 0.2 50.4416 0 -0.57 -100
0 0 0.203 0.2 49.7397 0 -0.57 -100
0 0 0.203 0.2 49.6578 0 -0.57 -100
0 0 0.203 0.2 49.5759 0 -0.57 -100
0 0 0.204 0.2 49.3117 0 -0.57 -100
0 0 0.201 0.2 49.7494 0 -0.57 -100
0 0 0.2 0.2 49.9044 0 -0.57 -100
0 0 0.2 0.2 49.9044 0 -0.57 -100
0 0 0.198 0.2 50.269 0 -0.57 -100
0 0 0.197 0.2 50.5059 0 -0.57 -100
0 0 0.198 0.2 50.4055 0 -0.57 -100
0 0 0.198 0.2 50.4601 0 -0.57 -100
0 0 0.199 0.2 50.3324 0 -0.57 -100
0 0 0.201 0.2 49.9951 0 -0.57 -100
0 0 0.201 0.2 49.9678 0 -0.57 -100
0 0 0.201 0.2 49.9405 0 -0.57 -100
0 0 0.201 0.2 49.9132 0 -0.57 -100
0 0 0.2 0.2 50.0682 0 -0.57 -100
0 0 0.2 0.2 50.0682 0 -0.57 -100
0 0 0.201 0.2 49.8859 0 -0.57 -100
0 0 0.203 0.2 49.494 0 -0.57 -100
0 0 0.205 0.2 49.0475 0 -0.57 -100
0 0 0.207 0.2 48.5464 0 -0.57 -100
0 0 0.207 0.2 48.3553 0 -0.57 -100
0 0 0.208 0.2 47.9819 0 -0.57 -100
0 0 0.209 0.2 47.5812 0 -0.57 -100
0 0 0.201 0.2 48.7939 0 -0.57 -100
0 0 0.198 0.2 49.3135 0 -0.57 -100
0 0 0.196 0.2 49.7327 0 -0.57 -100
0 0 0.191 0.2 50.7534 0 -0.57 -100
0 0 0.187 0.2 51.7283 0 -0.57 -100
0 0 0.186 0.2 52.2655 0 -0.57 -100
0 0 0.186 0.2 52.6477 0 -0.57 -100
0 0 0.189 0.2 52.483 0 -0.57 -100
0 0 0.193 0.2 52.0541 0 -0.57 -100
0 0 0.197 0.2 51.516 0 -0.57 -100
0 0 0.198 0.2 51.4156 0 -0.57 -100
0 0 0.2 0.2 51.1056 0 -0.57 -100
0 0 0.203 0.2 50.5587 0 -0.57 -100
0 0 0.204 0.2 50.2945 0 -0.57 -100
0 0 0.206 0.2 49.8207 0 -0.57 -100
0 0 0.206 0.2 49.6569 0 -0.57 -100
0 0 0.202 0.2 50.2223 0 -0.57 -100
0 0 0.201 0.2 50.35 0 -0.57 -100
0 0 0.201 0.2 50.3227 0 -0.57 -100
0 0 0.202 0.2 50.1131 0 -0.57 -100
0 0 0.203 0.2 49.8762 0 -0.57 -100
0 0 0.206 0.2 49.2474 0 -0.57 -100
0 0 0.203 0.2 49.6305 0 -0.57 -100
0 0 0.203 0.2 49.5486 0 -0.57 -100
0 0 0.208 0.2 48.5552 0 -0.57 -100
0 0 0.206 0.2 48.7014 0 -0.57 -100
0 0 0.203 0.2 49.0845 0 -0.57 -100
0 0 0.197 0.2 50.0964 0 -0.57 -100
0 0 0.194 0.2 50.7252 0 -0.57 -100
0 0 0.194 0.2 50.889 0 -0.57 -100
0 0 0.2 0.2 49.959 0 -0.57 -100
0 0 0.216 0.2 47.0422 0 -0.57 -100
0 0 0.226 0.2 44.7824 0 -0.57 -100
0 0 0.231 0.2 43.1611 0 -0.57 -100
0 0 0.231 0.2 42.3148 0 -0.57 -100
0 0 0.227 0.2 42.1977 0 -0.57 -100
0 0 0.224 0.2 42.0075 0 -0.57 -100
0 0 0.219 0.2 42.2638 0 -0.57 -100
0 0 0.212 0.2 43.0212 0 -0.57 -100
0 0 0.196 0.2 45.6104 0 -0.57 -100
0 0 0.193 0.2 46.2665 0 -0.57 -100
0 0 0.187 0.2 47.5514 0 -0.57 -100
0 0 0.184 0.2 48.4532 0 -0.57 -100
0 0 0.183 0.2 49.0723 0 -0.57 -100
0 0 0.183 0.2 49.5364 0 -0.57 -100
0 0 0.189 0.2 48.9067 0 -0.57 -100
0 0 0.191 0.2 48.8424 0 -0.57 -100
0 0 0.198 0.2 47.812 0 -0.57 -100
0 0 0.204 0.2 46.7728 0 -0.57 -100
0 0 0.21 0.2 45.5698 0 -0.57 -100
0 0 0.213 0.2 44.7499 0 -0.57 -100
0 0 0.219 0.2 43.3012 0 -0.57 -100
0 0 0.224 0.2 41.871 0 -0.57 -100
0 0 0.23 0.2 40.122 0 -0.57 -100
0 0 0.234 0.2 38.5738 0 -0.57 -100
0 0 0.235 0.2 37.4633 0 -0.57 -100
0 0 0.234 0.2 36.6901 0 -0.57 -100
0 0 0.229 0.2 36.6734 0 -0.57 -100
0 0 0.226 0.2 36.4286 0 -0.57 -100
0 0 0.219 0.2 36.9949 0 -0.57 -100
0 0 0.217 0.2 36.8408 0 -0.57 -100
0 0 0.21 0.2 37.6528 0 -0.57 -100
0 0 0.206 0.2 38.109 0 -0.57 -100
0 0 0.203 0.2 38.4921 0 -0.57 -100
0 0 0.198 0.2 39.3217 0 -0.57 -100
0 0 0.195 0.2 39.9232 0 -0.57 -100
0 0 0.188 0.2 41.3358 0 -0.57 -100
0 0 0.186 0.2 42.028 0 -0.57 -100
0 0 0.187 0.2 42.2279 0 -0.57 -100
0 0 0.188 0.2 42.4005 0 -0.57 -100
0 0 0.187 0.2 42.9104 0 -0.57 -100
0 0 0.188 0.2 43.083 0 -0.57 -100
0 0 0.19 0.2 43.046 0 -0.57 -100
0 0 0.197 0.2 42.0429 0 -0.57 -100
0 0 0.197 0.2 42.1248 0 -0.57 -100
0 0 0.199 0.2 41.8421 0 -0.57 -100
0 0 0.2 0.2 41.6871 0 -0.57 -100
0 0 0.202 0.2 41.3225 0 -0.57 -100
0 0 0.203 0.2 41.0856 0 -0.57 -100
0 0 0.206 0.2 40.4568 0 -0.57 -100
0 0 0.207 0.2 40.1107 0 -0.57 -100
0 0 0.206 0.2 40.1019 0 -0.57 -100
0 0 0.206 0.2 39.9381 0 -0.57 -100
0 0 0.203 0.2 40.3212 0 -0.57 -100
0 0 0.202 0.2 40.4216 0 -0.57 -100
0 0 0.202 0.2 40.367 0 -0.57 -100
0 0 0.198 0.2 41.0416 0 -0.57 -100
0 0 0.194 0.2 41.8254 0 -0.57 -100
0 0 0.193 0.2 42.1715 0 -0.57 -100
0 0 0.192 0.2 42.5449 0 -0.57 -100
0 0 0.192 0.2 42.7633 0 -0.57 -100
0 0 0.195 0.2 42.4348 0 -0.57 -100
0 0 0.196 0.2 42.389 0 -0.57 -100
0 0 0.2 0.2 41.769 0 -0.57 -100
0 0 0.201 0.2 41.5867 0 -0.57 -100
0 0 0.203 0.2 41.1948 0 -0.57 -100
0 0 0.204 0.2 40.9306 0 -0.57 -100
0 0 0.207 0.2 40.2745 0 -0.57 -100
0 0 0.207 0.2 40.0834 0 -0.57 -100
0 0 0.206 0.2 40.0746 0 -0.57 -100
0 0 0.204 0.2 40.2754 0 -0.57 -100
0 0 0.2 0.2 40.8954 0 -0.57 -100
0 0 0.199 0.2 41.0777 0 -0.57 -100
0 0 0.199 0.2 41.105 0 -0.57 -100
0 0 0.196 0.2 41.6792 0 -0.57 -100
0 0 0.195 0.2 41.9707 0 -0.57 -100
0 0 0.194 0.2 42.2895 0 -0.57 -100
0 0 0.193 0.2 42.6356 0 -0.57 -100
0 0 0.192 0.2 43.009 0 -0.57 -100
0 0 0.196 0.2 42.4982 0 -0.57 -100
0 0 0.197 0.2 42.4251 0 -0.57 -100
0 0 0.198 0.2 42.3247 0 -0.57 -100
0 0 0.199 0.2 42.197 0 -0.57 -100
0 0 0.198 0.2 42.4066 0 -0.57 -100
0 0 0.198 0.2 42.4612 0 -0.57 -100
0 0 0.201 0.2 41.9689 0 -0.57 -100
0 0 0.203 0.2 41.577 0 -0.57 -100
0 0 0.205 0.2 41.1305 0 -0.57 -100
0 0 0.205 0.2 40.994 0 -0.57 -100
0 0 0.201 0.2 41.5867 0 -0.57 -100
0 0 0.2 0.2 41.7417 0 -0.57 -100
0 0 0.2 0.2 41.7417 0 -0.57 -100
0 0 0.192 0.2 43.2001 0 -0.57 -100
0 0 0.175 0.2 46.5176 0 -0.57 -100
0 0 0.171 0.2 47.9293 0 -0.57 -100
0 0 0.172 0.2 48.5387 0 -0.57 -100
0 0 0.175 0.2 48.7562 0 -0.57 -100
0 0 0.188 0.2 47.0688 0 -0.57 -100
0 0 0.194 0.2 46.3026 0 -0.57 -100
0 0 0.217 0.2 42.2735 0 -0.57 -100
0 0 0.227 0.2 39.9864 0 -0.57 -100
0 0 0.24 0.2 36.8794 0 -0.57 -100
0 0 0.251 0.2 33.7821 0 -0.57 -100
0 0 0.269 0.2 29.1084 0 -0.57 -100
0 0 0.273 0.2 26.4955 0 -0.57 -100
0 0 0.274 0.2 24.3203 0 -0.57 -100
0 0 0.273 0.2 22.4824 0 -0.57 -100
0 0 0.27 0.2 21.0364 0 -0.57 -100
0 0 0.267 0.2 19.6723 0 -0.57 -100
0 0 0.264 0.2 18.3901 0 -0.57 -100
0 0 0.258 0.2 17.7367 0 -0.57 -100
0 0 0.252 0.2 17.2471 0 -0.57 -100
0 0 0.241 0.2 17.8328 0 -0.57 -100
0 0 0.218 0.2 20.9064 0 -0.57 -100
0 0 0.21 0.2 21.8734 0 -0.57 -100
0 0 0.206 0.2 22.3296 0 -0.57 -100
0 0 0.202 0.2 22.895 0 -0.57 -100
0 0 0.199 0.2 23.3873 0 -0.57 -100
0 0 0.198 0.2 23.5969 0 -0.57 -100
0 0 0.196 0.2 24.0161 0 -0.57 -100
0 0 0.197 0.2 23.943 0 -0.57 -100
0 0 0.198 0.2 23.8426 0 -0.57 -100
0 0 0.199 0.2 23.7149 0 -0.57 -100
0 0 0.2 0.2 23.5599 0 -0.57 -100
0 0 0.202 0.2 23.1953 0 -0.57 -100
0 0 0.203 0.2 22.9584 0 -0.57 -100
0 0 0.204 0.2 22.6942 0 -0.57 -100
0 0 0.206 0.2 22.2204 0 -0.57 -100
0 0 0.207 0.2 21.8743 0 -0.57 -100
0 0 0.208 0.2 21.5009 0 -0.57 -100
0 0 0.208 0.2 21.2825 0 -0.57 -100
0 0 0.209 0.2 20.8818 0 -0.57 -100
0 0 0.21 0.2 20.4538 0 -0.57 -100
0 0 0.209 0.2 20.3631 0 -0.57 -100
0 0 0.209 0.2 20.1174 0 -0.57 -100
0 0 0.208 0.2 20.054 0 -0.57 -100
0 0 0.208 0.2 19.8356 0 -0.57 -100
0 0 0.206 0.2 19.9818 0 -0.57 -100
0 0 0.2 0.2 20.9118 0 -0.57 -100
0 0 0.189 0.2 22.9171 0 -0.57 -100
0 0 0.18 0.2 24.8581 0 -0.57 -100
0 0 0.171 0.2 27.0448 0 -0.57 -100
0 0 0.156 0.2 30.571 0 -0.57 -100
0 0 0.148 0.2 33.2306 0 -0.57 -100
0 0 0.137 0.2 36.6555 0 -0.57 -100
0 0 0.134 0.2 38.9223 0 -0.57 -100
0 0 0.134 0.2 40.7241 0 -0.57 -100
0 0 0.143 0.2 40.8852 0 -0.57 -100
0 0 0.15 0.2 41.1652 0 -0.57 -100
0 0 0.156 0.2 41.4364 0 -0.57 -100
0 0 0.164 0.2 41.1792 0 -0.57 -100
0 0 0.174 0.2 40.339 0 -0.57 -100
0 0 0.18 0.2 39.955 0 -0.57 -100
0 0 0.189 0.2 38.8603 0 -0.57 -100
0 0 0.192 0.2 38.6137 0 -0.57 -100
0 0 0.201 0.2 37.1914 0 -0.57 -100
0 0 0.203 0.2 36.7995 0 -0.57 -100
0 0 0.206 0.2 36.1707 0 -0.57 -100
0 0 0.207 0.2 35.8246 0 -0.57 -100
0 0 0.212 0.2 34.722 0 -0.57 -100
0 0 0.213 0.2 34.2121 0 -0.57 -100
0 0 0.215 0.2 33.4926 0 -0.57 -100
0 0 0.216 0.2 32.9008 0 -0.57 -100
0 0 0.215 0.2 32.6463 0 -0.57 -100
0 0 0.212 0.2 32.7837 0 -0.57 -100
0 0 0.208 0.2 33.1853 0 -0.57 -100
0 0 0.206 0.2 33.3315 0 -0.57 -100
0 0 0.201 0.2 34.0792 0 -0.57 -100
0 0 0.199 0.2 34.4165 0 -0.57 -100
0 0 0.188 0.2 36.4491 0 -0.57 -100
0 0 0.185 0.2 37.3236 0 -0.57 -100
0 0 0.171 0.2 40.2853 0 -0.57 -100
0 0 0.161 0.2 42.9 0 -0.57 -100
0 0 0.158 0.2 44.5116 0 -0.57 -100
0 0 0.158 0.2 45.6582 0 -0.57 -100
0 0 0.161 0.2 46.2579 0 -0.57 -100
0 0 0.163 0.2 46.958 0 -0.57 -100
0 0 0.177 0.2 45.4159 0 -0.57 -100
0 0 0.186 0.2 44.4031 0 -0.57 -100
0 0 0.195 0.2 43.1446 0 -0.57 -100
0 0 0.2 0.2 42.3696 0 -0.57 -100
0 0 0.204 0.2 41.6404 0 -0.57 -100
0 0 0.205 0.2 41.3489 0 -0.57 -100
0 0 0.208 0.2 40.6655 0 -0.57 -100
0 0 0.209 0.2 40.2648 0 -0.57 -100
0 0 0.212 0.2 39.4722 0 -0.57 -100
0 0 0.211 0.2 39.3269 0 -0.57 -100
0 0 0.204 0.2 40.3027 0 -0.57 -100
0 0 0.2 0.2 40.9227 0 -0.57 -100
0 0 0.197 0.2 41.4696 0 -0.57 -100
0 0 0.198 0.2 41.3692 0 -0.57 -100
0 0 0.198 0.2 41.4238 0 -0.57 -100
0 0 0.196 0.2 41.843 0 -0.57 -100
0 0 0.194 0.2 42.3168 0 -0.57 -100
0 0 0.192 0.2 42.8452 0 -0.57 -100
0 0 0.194 0.2 42.699 0 -0.57 -100
0 0 0.197 0.2 42.3159 0 -0.57 -100
0 0 0.203 0.2 41.304 0 -0.57 -100
0 0 0.204 0.2 41.0398 0 -0.57 -100
0 0 0.205 0.2 40.7483 0 -0.57 -100
0 0 0.205 0.2 40.6118 0 -0.57 -100
0 0 0.203 0.2 40.8399 0 -0.57 -100
0 0 0.203 0.2 40.758 0 -0.57 -100
0 0 0.204 0.2 40.4938 0 -0.57 -100
0 0 0.202 0.2 40.7492 0 -0.57 -100
0 0 0.198 0.2 41.4238 0 -0.57 -100
0 0 0.195 0.2 42.0253 0 -0.57 -100
0 0 0.193 0.2 42.5264 0 -0.57 -100
0 0 0.193 0.2 42.7175 0 -0.57 -100
0 0 0.195 0.2 42.544 0 -0.57 -100
0 0 0.195 0.2 42.6805 0 -0.57 -100
0 0 0.196 0.2 42.6347 0 -0.57 -100
0 0 0.196 0.2 42.7439 0 -0.57 -100
0 0 0.196 0.2 42.8531 0 -0.57 -100
0 0 0.198 0.2 42.5977 0 -0.57 -100
0 0 0.202 0.2 41.9231 0 -0.57 -100
0 0 0.204 0.2 41.5039 0 -0.57 -100
0 0 0.204 0.2 41.3947 0 -0.57 -100
0 0 0.204 0.2 41.2855 0 -0.57 -100
0 0 0.204 0.2 41.1763 0 -0.57 -100
0 0 0.204 0.2 41.0671 0 -0.57 -100
0 0 0.204 0.2 40.9579 0 -0.57 -100
