Desired velocity: 0.5
Waypoints: 
-1.01,-0.57
1.46,-0.57
1.46,1.45
-1,1.45
x       y       velocity      desired_vel     vel_output      heading    crosstrack_error   steer_angle
-1.11344 1.00131 0 0.5 55 1.7366 -1.57131 42.0828
-1.11339 1.00129 0 0.5 60 1.73739 -1.57129 42.2822
-1.11339 1.0013 0 0.5 65 1.7374 -1.5713 42.2853
-1.11476 1.00142 0.007 0.5 69.23 1.75706 -1.57142 48.4053
-1.11355 1.00104 0.007 0.5 74.16 1.73845 -1.57104 43.6818
-1.11421 0.998039 0.075 0.5 71.61 1.72041 -1.56804 50.1041
-1.1147 0.991584 0.075 0.5 75.86 1.71752 -1.56158 49.4194
-1.11352 0.981521 0.178 0.5 68.78 1.71746 -1.55152 66.2165
-1.10843 0.954133 0.178 0.5 72 1.71426 -1.52413 65.9205
-1.1035 0.937374 0.263 0.5 65.87 1.68973 -1.50737 74.0282
-1.0992 0.919695 0.288 0.5 65.49 1.68426 -1.4897 77.269
-1.09496 0.902021 0.321 0.5 63.98 1.67327 -1.47202 80.5034
-1.09061 0.867668 0.321 0.5 65.77 1.66974 -1.43767 80.8688
-1.08524 0.850713 0.349 0.5 64.48 1.64844 -1.42071 80.8437
-1.08041 0.834578 0.357 0.5 65.11 1.63581 -1.40458 79.6726
-1.07583 0.818453 0.356 0.5 66.65 1.6364 -1.38845 80.355
-1.06129 0.786206 0.361 0.5 67.54 1.60372 -1.35621 74.3846
-1.05433 0.771107 0.356 0.5 69.48 1.59407 -1.34111 71.762
-1.0489 0.756496 0.356 0.5 70.92 1.58183 -1.3265 69.3488
-1.0428 0.742357 0.354 0.5 72.58 1.57217 -1.31236 67.2211
-1.02959 0.712517 0.36 0.5 73.38 1.54678 -1.28252 63.3597
-1.02132 0.69829 0.355 0.5 75.33 1.53204 -1.26829 59.4317
-1.01191 0.683579 0.356 0.5 76.67 1.51548 -1.25358 56.1882
-1.00341 0.667766 0.358 0.5 77.89 1.49897 -1.23777 53.2284
-0.988467 0.636496 0.358 0.5 79.31 1.4771 -1.2065 49.4308
-0.980856 0.621427 0.375 0.5 78.86 1.46548 -1.19143 50.6634
-0.973343 0.60618 0.375 0.5 80.11 1.4576 -1.17618 49.6048
-0.964805 0.590562 0.394 0.5 79.27 1.44477 -1.16056 51.0797
-0.947338 0.556801 0.394 0.5 80.33 1.42537 -1.1268 48.4652
-0.93957 0.538431 0.409 0.5 79.74 1.41628 -1.10843 50.5013
-0.930626 0.520213 0.422 0.5 79.22 1.40539 -1.09021 51.7543
-0.921526 0.502687 0.427 0.5 79.45 1.39538 -1.07269 51.6293
-0.902396 0.467454 0.427 0.5 80.18 1.37973 -1.03745 50.6052
-0.891316 0.449974 0.437 0.5 79.81 1.37256 -1.01997 52.4219
-0.881567 0.433264 0.439 0.5 80.22 1.36146 -1.00326 51.5567
-0.873497 0.415675 0.439 0.5 80.83 1.34802 -0.985675 49.8052
-0.852169 0.378834 0.442 0.5 81.11 1.3335 -0.948834 50.418
-0.840572 0.361678 0.444 0.5 81.47 1.32478 -0.931678 50.4318
-0.829806 0.344343 0.447 0.5 81.7 1.28994 -0.914343 44.1244
-0.817065 0.326922 0.448 0.5 82.12 1.30126 -0.896922 49.1625
-0.79762 0.294131 0.448 0.5 82.64 1.26156 -0.864131 42.9064
-0.784672 0.276044 0.45 0.5 82.94 1.27557 -0.846044 49.1371
-0.772019 0.259532 0.452 0.5 83.22 1.27091 -0.829532 50.5124
-0.759315 0.243544 0.456 0.5 83.26 1.25347 -0.813544 49.1237
-0.737254 0.208265 0.456 0.5 83.7 1.24002 -0.778265 50.5656
-0.725259 0.191395 0.458 0.5 83.92 1.23282 -0.761395 51.6671
-0.712164 0.173318 0.462 0.5 83.9 1.21802 -0.743318 51.6061
-0.69889 0.155853 0.462 0.5 84.28 1.21403 -0.725853 53.3145
1000 1000 0.464 0.5 84.44 1.39628 -1000.57 -44.1762
-0.663684 0.113433 0.468 0.5 84.36 1.19234 -0.683433 56.3401
-0.638175 0.080328 0.47 0.5 84.46 1.17488 -0.650328 58.3475
-0.623853 0.063461 0.47 0.5 84.76 1.16541 -0.633461 59.1242
-0.607643 0.0471 0.47 0.5 85.06 1.15464 -0.6171 59.5804
-0.592455 0.030717 0.474 0.5 84.92 1.13651 -0.600717 59.326
-0.56657 -0.004711 0.478 0.5 84.74 1.12632 -0.565289 65.3416
-0.554039 -0.021668 0.478 0.5 84.96 1.12463 -0.548332 68.7326
-0.540324 -0.038062 0.478 0.5 85.18 1.12066 -0.531938 71.5501
-0.525393 -0.054258 0.479 0.5 85.29 1.11699 -0.515742 74.7906
-0.509796 -0.069795 0.477 0.5 85.72 1.10013 -0.500205 73.8543
-0.480032 -0.098453 0.478 0.5 85.84 1.06254 -0.471547 72.0652
-0.46216 -0.113239 0.479 0.5 85.95 1.06249 -0.456761 76.3599
-0.446162 -0.125577 0.476 0.5 86.49 1.04308 -0.444423 74.1048
-0.41072 -0.151656 0.477 0.5 86.62 1.01671 -0.418344 75.3124
-0.393857 -0.165065 0.478 0.5 86.74 1.01372 -0.404935 78.9063
-0.377591 -0.177002 0.48 0.5 86.74 0.991942 -0.392998 77.6332
-0.359922 -0.188847 0.483 0.5 86.61 0.976751 -0.381153 78.3425
-0.319478 -0.213765 0.479 0.5 87.22 0.95235 -0.356235 79.4136
-0.301226 -0.223683 0.483 0.5 86.99 0.928618 -0.346317 77.8084
-0.281952 -0.235424 0.48 0.5 87.49 0.914185 -0.334576 77.5262
-0.262705 -0.246041 0.482 0.5 87.47 0.895975 -0.323959 77.2107
-0.22258 -0.264885 0.486 0.5 87.21 0.874423 -0.305115 79.6462
-0.204108 -0.273101 0.483 0.5 87.68 0.852097 -0.296899 76.3809
-0.183733 -0.282572 0.485 0.5 87.63 0.834954 -0.287428 76.1339
-0.16328 -0.291728 0.49 0.5 87.23 0.814588 -0.278272 75.661
-0.141735 -0.301217 0.487 0.5 87.66 0.799101 -0.268783 74.8194
-0.099843 -0.315157 0.488 0.5 87.68 0.776513 -0.254843 74.9362
-0.079734 -0.323327 0.49 0.5 87.58 0.76024 -0.246673 74.5849
-0.058996 -0.331159 0.488 0.5 87.9 0.737905 -0.238841 71.764
-0.01581 -0.345262 0.49 0.5 87.8 0.708737 -0.224738 70.7395
0.006854 -0.351307 0.491 0.5 87.79 0.698016 -0.218693 70.8099
0.028733 -0.356919 0.499 0.5 87 0.675648 -0.213081 69.0536
0.049747 -0.362484 0.493 0.5 87.67 0.654199 -0.207516 64.9201
0.09319 -0.374016 0.498 0.5 87.19 0.628955 -0.195984 64.4741
0.115327 -0.378063 0.49 0.5 88.09 0.615346 -0.191937 61.4235
0.137976 -0.381916 0.496 0.5 87.53 0.598704 -0.188084 59.9632
0.159725 -0.387401 0.494 0.5 87.79 0.581475 -0.182599 57.7201
0.202813 -0.396611 0.493 0.5 87.96 0.556986 -0.173389 55.5319
0.224941 -0.39988 0.493 0.5 88.03 0.546271 -0.17012 54.3133
0.24769 -0.403427 0.492 0.5 88.21 0.530698 -0.166573 51.8396
0.271146 -0.40702 0.498 0.5 87.63 0.517495 -0.16298 51.0692
0.314614 -0.414952 0.496 0.5 87.87 0.491986 -0.155048 47.9729
0.337024 -0.41914 0.495 0.5 88.02 0.485085 -0.15086 48.0356
0.360143 -0.422065 0.495 0.5 88.07 0.462384 -0.147935 43.6483
0.384268 -0.423796 0.497 0.5 87.9 0.450545 -0.146204 41.7368
0.432103 -0.431843 0.501 0.5 87.49 0.441913 -0.138157 43.8674
0.454297 -0.433613 0.499 0.5 87.7 0.420777 -0.136387 39.0795
0.475709 -0.434003 0.507 0.5 86.83 0.397343 -0.135997 34.3335
0.500766 -0.438319 0.498 0.5 87.75 0.404188 -0.131681 36.9758
0.545546 -0.440995 0.5 0.5 87.55 0.366126 -0.129005 28.8382
0.569995 -0.446373 0.5 0.5 87.55 0.376502 -0.123627 34.0379
0.590718 -0.445939 0.502 0.5 87.33 0.347083 -0.124061 26.6001
0.612849 -0.446457 0.499 0.5 87.64 0.352662 -0.123543 27.9089
0.657998 -0.448632 0.498 0.5 87.76 0.332046 -0.121368 23.603
0.680072 -0.450894 0.499 0.5 87.67 0.310079 -0.119106 19.2318
0.703267 -0.453088 0.499 0.5 87.68 0.319155 -0.116912 22.5921
0.726245 -0.455344 0.501 0.5 87.47 0.299197 -0.114656 18.8367
0.773508 -0.457836 0.495 0.5 88.12 0.29765 -0.112164 18.9896
0.796457 -0.460866 0.495 0.5 88.17 0.283851 -0.109134 16.967
0.819148 -0.462638 0.496 0.5 88.11 0.277085 -0.107362 16.2228
Acheived waypoint: 1
0.841548 -0.463137 0.499 0.5 87.82 1.83867 -0.618452 100
0.887355 -0.464832 0.499 0.5 87.83 1.84633 -0.572645 100
0.909547 -0.468075 0.499 0.5 87.84 1.83579 -0.550453 100
0.93252 -0.469707 0.499 0.5 87.85 1.8257 -0.52748 100
0.954943 -0.470337 0.503 0.5 87.42 1.81852 -0.505057 100
1.00241 -0.471326 0.502 0.5 87.5 1.8073 -0.457594 100
1.02523 -0.471145 0.502 0.5 87.48 1.80594 -0.434769 100
1.04806 -0.471738 0.502 0.5 87.46 1.80269 -0.411938 100
1.07166 -0.472976 0.502 0.5 87.44 1.79923 -0.388342 100
1.11668 -0.464429 0.499 0.5 87.75 1.76163 -0.343325 100
1.13905 -0.455926 0.498 0.5 87.87 1.73603 -0.320948 100
1.16031 -0.44716 0.495 0.5 88.22 1.70825 -0.299686 100
1.18141 -0.439531 0.494 0.5 88.38 1.68796 -0.278585 100
1.22308 -0.423268 0.492 0.5 88.66 1.65022 -0.236922 100
1.24321 -0.413709 0.492 0.5 88.74 1.6313 -0.216794 100
1.26345 -0.404486 0.497 0.5 88.27 1.6099 -0.196553 100
1.2834 -0.394843 0.494 0.5 88.63 1.58587 -0.176603 100
1.32186 -0.373334 0.501 0.5 87.92 1.542 -0.138143 100
1.34116 -0.361408 0.493 0.5 88.79 1.52546 -0.118837 100
1.3598 -0.349003 0.492 0.5 88.97 1.50924 -0.100203 100
1.37861 -0.337538 0.492 0.5 89.05 1.48831 -0.081393 100
1.39677 -0.326512 0.49 0.5 89.35 1.46945 -0.06323 100
1.43405 -0.301595 0.489 0.5 89.56 1.42189 -0.025949 100
1.45176 -0.285755 0.491 0.5 89.45 1.39793 -0.00824201 100
1.46909 -0.269805 0.492 0.5 89.43 1.37305 0.00909495 100
1.50359 -0.241086 0.496 0.5 89.07 1.33093 0.0435929 100
1.51986 -0.226827 0.494 0.5 89.33 1.31035 0.05986 100
1.53559 -0.211675 0.494 0.5 89.39 1.29336 0.0755889 100
1.55165 -0.195307 0.498 0.5 89.01 1.26671 0.0916469 100
1.5835 -0.161982 0.498 0.5 89.03 1.22161 0.123503 100
1.59825 -0.144545 0.5 0.5 88.83 1.19759 0.138251 100
1.61223 -0.127078 0.5 0.5 88.83 1.17144 0.152231 100
1.62579 -0.109099 0.5 0.5 88.83 1.16069 0.165791 100
1.65418 -0.072156 0.497 0.5 89.16 1.1278 0.194183 100
1.66844 -0.054197 0.497 0.5 89.19 1.10634 0.208442 100
1.68194 -0.035237 0.499 0.5 89 1.08801 0.22194 100
1.6935 -0.015089 0.497 0.5 89.23 1.05923 0.233497 100
1.71501 0.027772 0.497 0.5 89.26 0.983107 0.255014 100
1.7269 0.046934 0.496 0.5 89.4 0.969706 0.266904 100
1.73783 0.066466 0.5 0.5 89 0.95076 0.277834 100
1.74832 0.086393 0.498 0.5 89.22 0.932605 0.288317 100
1.76597 0.12731 0.499 0.5 89.13 0.892711 0.305969 100
1.775 0.14883 0.5 0.5 89.03 0.868084 0.315003 100
1.78302 0.170649 0.5 0.5 89.03 0.842278 0.323023 100
1.79063 0.192186 0.503 0.5 88.7 0.818624 0.330631 100
1.80329 0.235733 0.502 0.5 88.78 0.771934 0.34329 100
1.8094 0.25787 0.5 0.5 88.98 0.745365 0.349402 100
1.81625 0.279371 0.501 0.5 88.87 0.725112 0.356249 100
1.82285 0.301559 0.499 0.5 89.08 0.701338 0.362847 100
1.83012 0.349102 0.5 0.5 88.98 0.656244 0.370116 100
1.83244 0.371528 0.502 0.5 88.76 0.640762 0.372441 100
1.83483 0.393089 0.5 0.5 88.96 0.624118 0.374831 100
1.8392 0.41449 0.502 0.5 88.74 0.60393 0.379198 100
1.84535 0.4588 0.497 0.5 89.27 0.554595 0.385351 100
1.84688 0.481943 0.497 0.5 89.3 0.535588 0.386878 100
1.84815 0.504665 0.497 0.5 89.33 0.512709 0.388151 100
1.84806 0.527115 0.497 0.5 89.36 0.493158 0.388055 100
1.84705 0.571772 0.497 0.5 89.39 0.467798 0.387054 100
1.84564 0.594719 0.497 0.5 89.42 0.446476 0.38564 100
1.84189 0.616674 0.497 0.5 89.45 0.390679 0.381892 100
1.83773 0.638019 0.497 0.5 89.48 0.374328 0.377728 100
1.83575 0.6839 0.497 0.5 89.51 0.321324 0.37575 100
1.83085 0.707659 0.497 0.5 89.54 0.290564 0.370853 100
1.82472 0.731003 0.497 0.5 89.57 0.267223 0.364715 100
1.81828 0.753761 0.497 0.5 89.6 0.235963 0.358276 100
1.80662 0.796106 0.503 0.5 88.97 0.204851 0.346619 100
1.80114 0.817977 0.503 0.5 88.94 0.186476 0.341141 100
1.79418 0.840618 0.503 0.5 88.91 0.175359 0.334179 100
1.78674 0.862878 0.504 0.5 88.77 0.150266 0.326735 100
Acheived waypoint: 2
1.77006 0.906491 0.504 0.5 88.73 1.66874 -0.543509 100
1.76136 0.927302 0.505 0.5 88.58 1.64919 -0.522698 100
1.75221 0.947923 0.507 0.5 88.31 1.6281 -0.502077 100
1.74279 0.968451 0.503 0.5 88.68 1.60621 -0.481549 100
1.72278 1.00945 0.5 0.5 88.98 1.56183 -0.44055 100
1.72278 1.00945 0.501 0.5 88.87 1.56183 -0.44055 100
1.72278 1.00945 0.502 0.5 88.75 1.56183 -0.44055 100
1.68742 1.06947 0.501 0.5 88.84 1.49006 -0.380528 100
1.66063 1.10775 0.5 0.5 88.94 1.44096 -0.342246 100
1.66063 1.10775 0.499 0.5 89.05 1.44096 -0.342246 100
1.63662 1.14575 0.499 0.5 89.06 1.40434 -0.30425 100
1.62307 1.16372 0.501 0.5 88.85 1.38633 -0.286282 100
1.62307 1.16372 0.512 0.5 87.63 1.38633 -0.286282 100
1.62307 1.16372 0.5 0.5 88.83 1.38633 -0.286282 100
1.56424 1.23313 0.501 0.5 88.72 1.31964 -0.21687 100
1.54813 1.2499 0.502 0.5 88.6 1.2963 -0.200104 100
1.53255 1.26635 0.502 0.5 88.58 1.27424 -0.18365 100
1.49997 1.29761 0.498 0.5 89 1.23675 -0.152386 100
1.49997 1.29761 0.505 0.5 88.25 1.23675 -0.152386 100
1.49997 1.29761 0.496 0.5 89.19 1.23675 -0.152386 100
1.49997 1.29761 0.504 0.5 88.35 1.23675 -0.152386 100
1.49997 1.29761 0.497 0.5 89.08 1.23675 -0.152386 100
1.49997 1.29761 0.497 0.5 89.11 1.23675 -0.152386 100
1.49997 1.29761 0.499 0.5 88.92 1.23675 -0.152386 100
1.35531 1.40849 0.497 0.5 89.15 1.07242 -0.041515 100
1.35531 1.40849 0.499 0.5 88.96 1.07242 -0.041515 100
1.35531 1.40849 0.509 0.5 87.87 1.07242 -0.041515 100
1.27631 1.45189 0.499 0.5 88.88 0.971516 0.00188696 100
1.23542 1.47166 0.497 0.5 89.11 0.924512 0.0216639 100
1.23542 1.47166 0.498 0.5 89.03 0.924512 0.0216639 100
1.19332 1.48832 0.497 0.5 89.16 0.882551 0.038325 100
1.19332 1.48832 0.499 0.5 88.97 0.882551 0.038325 100
1.19332 1.48832 0.496 0.5 89.31 0.882551 0.038325 100
1.10423 1.51817 0.499 0.5 89.02 0.788153 0.0681729 100
1.08078 1.52322 0.496 0.5 89.36 0.764759 0.073221 100
1.05855 1.5285 0.499 0.5 89.07 0.738255 0.0784969 100
1.0157 1.54104 0.499 0.5 89.08 0.697685 0.0910439 100
0.993253 1.5459 0.498 0.5 89.2 0.680415 0.0959009 100
0.993253 1.5459 0.499 0.5 89.11 0.680415 0.0959009 100
0.993253 1.5459 0.5 0.5 89.01 0.680415 0.0959009 100
0.901147 1.55663 0.501 0.5 88.9 0.585804 0.10663 100
0.878566 1.55894 0.498 0.5 89.22 0.566543 0.108941 100
0.878566 1.55894 0.501 0.5 88.91 0.566543 0.108941 100
0.832142 1.56226 0.499 0.5 89.12 0.528933 0.112259 100
0.810055 1.56216 0.5 0.5 89.02 0.506743 0.112157 100
0.810055 1.56216 0.5 0.5 89.02 0.506743 0.112157 100
0.810055 1.56216 0.499 0.5 89.13 0.506743 0.112157 100
0.71888 1.5573 0.502 0.5 88.81 0.415109 0.107296 100
0.695846 1.55376 0.499 0.5 89.12 0.390572 0.103758 100
0.650454 1.55261 0.499 0.5 89.13 0.337583 0.102606 100
0.62777 1.54995 0.503 0.5 88.7 0.312875 0.0999529 100
0.62777 1.54995 0.5 0.5 89 0.312875 0.0999529 100
0.62777 1.54995 0.511 0.5 87.79 0.312875 0.0999529 100
0.605734 1.54563 0.5 0.5 88.89 0.29205 0.095631 100
0.517103 1.52158 0.5 0.5 88.89 0.21605 0.0715799 90.9249
0.495177 1.51688 0.504 0.5 88.45 0.212542 0.0668809 87.4294
0.452407 1.5032 0.507 0.5 88.08 0.177567 0.053196 71.6008
0.452407 1.5032 0.497 0.5 89.11 0.177567 0.053196 72.1307
0.452407 1.5032 0.496 0.5 89.25 0.177567 0.053196 72.1848
0.452407 1.5032 0.498 0.5 89.07 0.177567 0.053196 72.0767
0.343784 1.45971 0.5 0.5 88.87 0.0438823 0.00971293 16.0674
0.323208 1.45042 0.5 0.5 88.87 0.0241668 0.000414968 6.34435
0.300662 1.44426 0.502 0.5 88.65 0.00271864 -0.00573909 -2.2115
0.278509 1.43727 0.503 0.5 88.52 0.0142442 -0.012729 -2.80626
0.278509 1.43727 0.505 0.5 88.27 0.0142442 -0.012729 -2.78083
0.278509 1.43727 0.507 0.5 88 0.0142442 -0.012729 -2.75561
0.278509 1.43727 0.509 0.5 87.71 0.0142442 -0.012729 -2.73059
0.169384 1.39519 0.506 0.5 87.95 0.0723647 -0.0548071 -9.01753
0.145814 1.391 0.506 0.5 87.89 0.0754166 -0.058998 -10.3188
0.099412 1.38211 0.508 0.5 87.61 0.0726231 -0.0678941 -15.2892
0.099412 1.38211 0.509 0.5 87.42 0.0726231 -0.0678941 -15.2237
0.099412 1.38211 0.51 0.5 87.22 0.0726231 -0.0678941 -15.1585
0.099412 1.38211 0.507 0.5 87.45 0.0726231 -0.0678941 -15.3549
-0.01862 1.36305 0.507 0.5 87.38 0.0753628 -0.086951 -23.9812
-0.04247 1.36001 0.513 0.5 86.65 0.0741795 -0.089992 -25.2479
-0.065755 1.35794 0.511 0.5 86.74 0.0691595 -0.092062 -27.6875
-0.111256 1.35055 0.51 0.5 86.74 0.0653775 -0.0994511 -32.2862
-0.134965 1.3485 0.51 0.5 86.64 0.0606771 -0.101505 -34.4632
-0.158358 1.34708 0.508 0.5 86.76 0.0618358 -0.102923 -35.0413
-0.181094 1.34361 0.512 0.5 86.24 0.0643087 -0.106388 -35.6764
-0.226585 1.33835 0.506 0.5 86.78 0.0616996 -0.111645 -39.4577
-0.250117 1.33591 0.508 0.5 86.5 0.0576096 -0.114088 -41.4486
-0.273685 1.33344 0.501 0.5 87.19 0.0453878 -0.116562 -46.4985
-0.29629 1.33167 0.503 0.5 86.96 0.0409079 -0.118335 -48.2612
-0.341336 1.3294 0.502 0.5 87.04 0.00770497 -0.120599 -57.8843
-0.364307 1.32813 0.5 0.5 87.24 0.0268563 -0.121866 -53.8616
Acheived waypoint: 3
-0.387017 1.32713 0.505 0.5 86.69 1.55495 -0.613584 100
-0.410613 1.32875 0.496 0.5 87.63 1.54104 -0.58998 100
-0.455944 1.32974 0.496 0.5 87.67 1.5736 -0.544645 100
-0.479223 1.32937 0.498 0.5 87.49 1.58063 -0.521368 100
-0.502016 1.32988 0.507 0.5 86.52 1.60498 -0.498573 100
-0.525194 1.33245 0.498 0.5 87.44 1.59781 -0.475382 100
-0.572851 1.33017 0.5 0.5 87.24 1.62256 -0.427737 100
-0.596416 1.32664 0.502 0.5 87.02 1.62209 -0.40419 100
-0.618741 1.31944 0.504 0.5 86.78 1.56483 -0.381901 100
-0.640732 1.31268 0.508 0.5 86.3 1.54875 -0.359943 100
-0.681888 1.29475 0.504 0.5 86.66 1.55921 -0.318877 100
-0.703868 1.28628 0.503 0.5 86.73 1.54299 -0.296939 100
-0.724792 1.27533 0.501 0.5 86.92 1.52799 -0.276069 100
-0.744298 1.26231 0.499 0.5 87.13 1.49878 -0.256628 100
-0.779072 1.23532 0.507 0.5 86.26 1.45078 -0.221988 100
-0.797924 1.22359 0.492 0.5 87.84 1.43594 -0.203194 100
-0.816701 1.21132 0.49 0.5 88.14 1.41621 -0.184478 100
-0.834256 1.19742 0.492 0.5 88.02 1.39168 -0.166992 100
-0.86842 1.16841 0.49 0.5 88.32 1.35283 -0.132972 100
-0.883369 1.15313 0.492 0.5 88.2 1.35053 -0.118099 100
-0.899989 1.13668 0.487 0.5 88.83 1.30571 -0.101561 100
-0.916551 1.12106 0.489 0.5 88.74 1.28223 -0.0850764 100
-0.932137 1.10561 0.493 0.5 88.41 1.26177 -0.069567 100
-0.962106 1.07338 0.492 0.5 88.59 1.22763 -0.039758 100
-0.976357 1.05736 0.491 0.5 88.78 1.20304 -0.0255865 100
-0.991029 1.03963 0.491 0.5 88.87 1.17959 -0.0110024 100
-1.01755 1.00094 0.494 0.5 88.63 1.12471 0.0153288 100
-1.02884 0.980844 0.496 0.5 88.47 1.09071 0.0265211 100
-1.04204 0.962788 0.5 0.5 88.07 1.08748 0.0396296 100
-1.05527 0.945625 0.497 0.5 88.4 1.05518 0.0527685 100
-1.0792 0.906267 0.495 0.5 88.65 1.00637 0.0765044 100
-1.09085 0.885829 0.496 0.5 88.59 0.983477 0.088058 100
-1.10141 0.86539 0.498 0.5 88.41 0.968001 0.0985147 100
-1.10973 0.84322 0.503 0.5 87.88 0.93288 0.106728 100
-1.12882 0.802091 0.499 0.5 88.29 0.88877 0.125611 100
-1.13906 0.781561 0.497 0.5 88.52 0.875495 0.13575 100
-1.14702 0.76004 0.5 0.5 88.22 0.849602 0.1436 100
-1.15508 0.739313 0.498 0.5 88.44 0.830924 0.151562 100
-1.17137 0.696557 0.502 0.5 88.02 0.797653 0.167635 100
-1.1763 0.67312 0.498 0.5 88.44 0.753975 0.172451 100
-1.18061 0.649793 0.499 0.5 88.35 0.737413 0.17665 100
-1.18596 0.627802 0.501 0.5 88.14 0.70706 0.181888 100
-1.19805 0.58528 0.506 0.5 87.58 0.677518 0.193769 100
-1.20142 0.562612 0.499 0.5 88.29 0.654453 0.197028 100
-1.20589 0.540983 0.507 0.5 87.42 0.635234 0.201388 100
-1.20777 0.517106 0.498 0.5 88.34 0.607754 0.203151 100
-1.20983 0.471197 0.5 0.5 88.14 0.554799 0.204982 100
-1.21094 0.44793 0.5 0.5 88.14 0.537343 0.205976 100
-1.21206 0.42585 0.498 0.5 88.36 0.517728 0.206992 100
-1.21328 0.40379 0.496 0.5 88.6 0.497759 0.208099 100
-1.21362 0.381842 0.495 0.5 88.75 0.471158 0.208329 100
-1.21158 0.335652 0.498 0.5 88.47 0.450852 0.206063 100
-1.20955 0.313116 0.5 0.5 88.27 0.399796 0.20392 100
-1.20498 0.289527 0.499 0.5 88.38 0.397074 0.199234 100
-1.19876 0.245124 0.496 0.5 88.72 0.354028 0.192794 100
-1.19695 0.222419 0.495 0.5 88.87 0.333046 0.190874 100
-1.19403 0.199873 0.494 0.5 89.03 0.317171 0.187835 100
-1.18997 0.177274 0.495 0.5 88.98 0.290122 0.183665 100
-1.17859 0.133372 0.498 0.5 88.7 0.248158 0.172073 100
-1.1708 0.11207 0.498 0.5 88.72 0.222321 0.164174 100
-1.16369 0.089526 0.498 0.5 88.74 0.204709 0.156957 100
-1.15734 0.067445 0.498 0.5 88.76 0.179324 0.150494 100
Acheived waypoint: 4
-1.15061 0.045327 0.499 0.5 88.67 1.73135 -0.615327 100
-1.1361 0.003851 0.499 0.5 88.68 1.70345 -0.573851 100
-1.12708 -0.017591 0.506 0.5 87.92 1.68071 -0.552409 100
-1.11693 -0.039963 0.5 0.5 88.52 1.65061 -0.530037 100
-1.10522 -0.060898 0.5 0.5 88.52 1.6238 -0.509102 100
-1.08169 -0.101196 0.504 0.5 88.08 1.57046 -0.468804 100
-1.07146 -0.120568 0.502 0.5 88.26 1.54346 -0.449432 100
-1.06105 -0.140836 0.499 0.5 88.57 1.51595 -0.429164 100
-1.03653 -0.180818 0.499 0.5 88.58 1.46587 -0.389182 100
-1.02296 -0.19949 0.502 0.5 88.26 1.45538 -0.37051 100
-1.00754 -0.216842 0.505 0.5 87.91 1.42288 -0.353158 100
-0.992793 -0.233844 0.505 0.5 87.86 1.40351 -0.336156 100
-0.964584 -0.269456 0.503 0.5 88.03 1.356 -0.300544 100
-0.9501 -0.28773 0.501 0.5 88.22 1.33413 -0.28227 100
-0.935127 -0.304411 0.503 0.5 87.99 1.31737 -0.265589 100
-0.919625 -0.321263 0.501 0.5 88.18 1.28945 -0.248737 100
-0.884886 -0.35238 0.5 0.5 88.28 1.24457 -0.21762 100
-0.866487 -0.367626 0.499 0.5 88.39 1.21481 -0.202374 100
-0.848593 -0.382096 0.507 0.5 87.52 1.19593 -0.187904 100
-0.831758 -0.396648 0.5 0.5 88.22 1.18091 -0.173352 100
-0.814746 -0.41175 0.497 0.5 88.55 1.14838 -0.15825 100
-0.779123 -0.439535 0.499 0.5 88.36 1.11145 -0.130465 100
-0.760127 -0.452793 0.502 0.5 88.04 1.08675 -0.117207 100
-0.739466 -0.46434 0.501 0.5 88.13 1.06056 -0.10566 100
-0.719022 -0.474828 0.501 0.5 88.12 1.03813 -0.095172 100
-0.679008 -0.49755 0.501 0.5 88.11 0.992279 -0.07245 100
-0.660134 -0.508397 0.498 0.5 88.43 0.978103 -0.061603 100
-0.640183 -0.518511 0.5 0.5 88.23 0.952842 -0.051489 100
-0.598123 -0.538862 0.498 0.5 88.45 0.909977 -0.031138 100
-0.575914 -0.547136 0.499 0.5 88.36 0.884845 -0.022864 100
-0.553266 -0.554551 0.501 0.5 88.15 0.857739 -0.015449 100
-0.531796 -0.561163 0.502 0.5 88.03 0.831205 -0.00883698 100
-0.510669 -0.568192 0.499 0.5 88.34 0.81343 -0.00180799 100
-0.468635 -0.5841 0.5 0.5 88.24 0.766918 0.0141 100
-0.446562 -0.590679 0.5 0.5 88.24 0.748595 0.020679 100
-0.424963 -0.59828 0.501 0.5 88.13 0.732311 0.02828 100
-0.380892 -0.6058 0.503 0.5 87.9 0.685978 0.0358 100
-0.357986 -0.608519 0.501 0.5 88.09 0.660754 0.038519 100
-0.335259 -0.611909 0.502 0.5 87.97 0.638514 0.041909 100
-0.312693 -0.61636 0.499 0.5 88.28 0.626707 0.04636 100
-0.289675 -0.62021 0.5 0.5 88.18 0.611521 0.05021 100
-0.244757 -0.624419 0.499 0.5 88.29 0.563312 0.054419 100
-0.220804 -0.623748 0.499 0.5 88.3 0.53447 0.053748 100
-0.196055 -0.623703 0.503 0.5 87.87 0.495778 0.053703 100
-0.172743 -0.621683 0.501 0.5 88.06 0.476042 0.051683 100
-0.127472 -0.61964 0.501 0.5 88.05 0.431249 0.04964 100
-0.104894 -0.621091 0.501 0.5 88.04 0.429957 0.051091 100
-0.082488 -0.620265 0.501 0.5 88.03 0.412501 0.050265 100
-0.037146 -0.612962 0.501 0.5 88.02 0.356052 0.042962 100
-0.013436 -0.609942 0.501 0.5 88.01 0.341476 0.039942 100
0.008374 -0.603724 0.506 0.5 87.45 0.320571 0.033724 98.254
0.029965 -0.597407 0.499 0.5 88.16 0.28394 0.027407 85.9921
0.052067 -0.594248 0.494 0.5 88.72 0.27547 0.024248 82.3643
0.095725 -0.585261 0.493 0.5 88.89 0.235277 0.015261 67.5691
0.116827 -0.578133 0.493 0.5 88.96 0.195781 0.00813299 53.8773
0.138996 -0.571956 0.495 0.5 88.81 0.190037 0.00195599 49.2356
0.181551 -0.552638 0.498 0.5 88.53 0.115076 -0.017362 20.3622
0.202622 -0.543864 0.495 0.5 88.88 0.0951436 -0.026136 10.7596
0.224985 -0.536807 0.497 0.5 88.71 0.0791192 -0.033193 3.15521
0.246911 -0.530857 0.499 0.5 88.52 0.0684939 -0.039143 -2.48443
0.292112 -0.520895 0.502 0.5 88.2 0.0396948 -0.049105 -14.6735
0.315126 -0.516633 0.502 0.5 88.18 0.0325903 -0.053367 -18.6093
0.338846 -0.513518 0.508 0.5 87.5 0.0364959 -0.056482 -18.8412
0.362481 -0.511021 0.507 0.5 87.53 0.0135273 -0.058979 -25.9598
0.409345 -0.506265 0.509 0.5 87.24 0.0384853 -0.063735 -21.8483
0.432402 -0.505196 0.512 0.5 86.82 0.00680974 -0.064804 -30.2262
0.455309 -0.502481 0.51 0.5 86.92 0.0354603 -0.067519 -24.4072
0.479232 -0.500601 0.512 0.5 86.6 0.0372878 -0.069399 -24.73
0.529267 -0.500352 0.508 0.5 86.92 0.0594478 -0.069648 -19.4936
0.55355 -0.500074 0.507 0.5 86.95 0.0668785 -0.069926 -17.8116
0.576818 -0.501106 0.508 0.5 86.77 0.0665907 -0.068894 -17.3109
0.599138 -0.501475 0.507 0.5 86.8 0.0673991 -0.068525 -16.991
0.644332 -0.503122 0.506 0.5 86.84 0.0704482 -0.066878 -15.4721
0.667602 -0.504175 0.505 0.5 86.89 0.057591 -0.065825 -18.2804
0.69107 -0.503747 0.513 0.5 85.96 0.0746581 -0.066253 -13.6495
0.714152 -0.504923 0.507 0.5 86.49 0.13121 -0.065077 0.901189
0.736292 -0.501062 0.502 0.5 86.97 0.0740386 -0.068938 -15.8463
0.784779 -0.499756 0.504 0.5 86.73 0.0733676 -0.070244 -16.5262
0.808178 -0.498555 0.498 0.5 87.35 0.0811894 -0.071445 -15.5589
0.830885 -0.498181 0.5 0.5 87.15 0.0755589 -0.071819 -17.0313
Acheived waypoint: 1
0.85384 -0.499049 0.501 0.5 87.04 1.65749 -0.60616 100
0.874287 -0.496522 0.5 0.5 87.14 1.65108 -0.585713 100
0.921335 -0.495615 0.499 0.5 87.25 1.64849 -0.538665 100
0.945547 -0.496744 0.498 0.5 87.37 1.6634 -0.514453 100
0.968431 -0.495552 0.509 0.5 86.18 1.64811 -0.491569 100
0.991296 -0.49544 0.502 0.5 86.86 1.64912 -0.468704 100
1.03664 -0.494624 0.502 0.5 86.84 1.67125 -0.42336 100
1.06 -0.494501 0.503 0.5 86.71 1.65344 -0.400003 100
1.10655 -0.48775 0.505 0.5 86.46 1.64543 -0.353448 100
1.12819 -0.479944 0.506 0.5 86.3 1.62659 -0.33181 100
1.14975 -0.471118 0.504 0.5 86.46 1.60845 -0.310253 100
1.17201 -0.462639 0.501 0.5 86.75 1.58882 -0.287994 100
1.21378 -0.443526 0.496 0.5 87.29 1.55527 -0.246223 100
1.23328 -0.432115 0.494 0.5 87.55 1.52862 -0.226715 100
1.25217 -0.41968 0.493 0.5 87.72 1.50758 -0.207828 100
1.2702 -0.406282 0.49 0.5 88.12 1.48205 -0.189798 100
1.28872 -0.392043 0.5 0.5 87.12 1.45659 -0.171283 100
1.32344 -0.36472 0.488 0.5 88.44 1.4139 -0.136556 100
1.34016 -0.352911 0.488 0.5 88.56 1.4034 -0.119838 100
1.3573 -0.340889 0.491 0.5 88.35 1.38058 -0.102696 100
1.37426 -0.327946 0.488 0.5 88.77 1.36234 -0.0857401 100
1.40737 -0.298237 0.489 0.5 88.78 1.31579 -0.052631 100
1.42244 -0.280723 0.492 0.5 88.56 1.29361 -0.037562 100
1.43728 -0.263228 0.494 0.5 88.42 1.26707 -0.0227231 100
1.46828 -0.230855 0.497 0.5 88.15 1.22241 0.00828195 100
1.48291 -0.215277 0.495 0.5 88.4 1.21093 0.0229089 100
1.49783 -0.198488 0.502 0.5 87.68 1.18485 0.0378309 100
1.51186 -0.179954 0.493 0.5 88.65 1.16748 0.05186 100
1.53878 -0.142262 0.493 0.5 88.72 1.11814 0.078781 100
1.55071 -0.122012 0.497 0.5 88.35 1.09955 0.090712 100
1.5619 -0.10301 0.5 0.5 88.05 1.07889 0.1019 100
1.57365 -0.08402 0.496 0.5 88.49 1.05712 0.113654 100
1.58601 -0.065455 0.492 0.5 88.97 1.03187 0.126012 100
1.6099 -0.026443 0.493 0.5 88.94 0.979987 0.149902 100
1.62012 -0.005679 0.496 0.5 88.68 0.941618 0.160122 100
1.62871 0.014294 0.497 0.5 88.61 0.934242 0.168712 100
1.63567 0.035897 0.498 0.5 88.53 0.905424 0.175672 100
1.65187 0.079462 0.498 0.5 88.55 0.845022 0.191874 100
1.66108 0.100743 0.501 0.5 88.24 0.836989 0.201081 100
1.66947 0.121597 0.5 0.5 88.34 0.821121 0.209469 100
1.67504 0.143176 0.5 0.5 88.34 0.78834 0.215038 100
1.68692 0.188555 0.5 0.5 88.34 0.735787 0.226918 100
1.69231 0.212142 0.502 0.5 88.12 0.718788 0.232306 100
1.69564 0.235495 0.506 0.5 87.66 0.681885 0.235643 100
1.69976 0.257789 0.503 0.5 87.93 0.658257 0.239763 100
1.70833 0.300701 0.505 0.5 87.68 0.620645 0.248333 100
1.71213 0.3236 0.496 0.5 88.62 0.597006 0.252131 100
1.71496 0.346526 0.497 0.5 88.55 0.574949 0.254959 100
1.71519 0.391994 0.499 0.5 88.36 0.542924 0.255185 100
1.71378 0.413657 0.5 0.5 88.26 0.518343 0.253782 100
1.71368 0.436105 0.499 0.5 88.37 0.496245 0.25368 100
1.71411 0.458809 0.497 0.5 88.6 0.465886 0.254109 100
1.71479 0.48166 0.495 0.5 88.85 0.448449 0.254792 100
1.71347 0.526872 0.499 0.5 88.46 0.414453 0.253468 100
1.70984 0.549776 0.501 0.5 88.25 0.389722 0.249845 100
1.70454 0.573053 0.498 0.5 88.57 0.35539 0.244542 100
1.69413 0.619238 0.499 0.5 88.48 0.278603 0.234125 100
1.68956 0.6409 0.499 0.5 88.49 0.276874 0.229564 100
1.68463 0.663607 0.508 0.5 87.51 0.244371 0.224628 100
1.68103 0.685607 0.5 0.5 88.31 0.228598 0.221025 100
1.67568 0.707656 0.499 0.5 88.42 0.202386 0.215683 100
1.65925 0.751853 0.501 0.5 88.21 0.172878 0.199248 100
1.64915 0.772717 0.507 0.5 87.54 0.147067 0.189151 100
1.63956 0.79372 0.504 0.5 87.8 0.118521 0.179562 100
1.63117 0.815003 0.506 0.5 87.54 0.0948785 0.171169 100
Acheived waypoint: 2
1.61724 0.858582 0.501 0.5 88.03 1.61742 -0.591418 100
1.60607 0.8788 0.501 0.5 88.02 1.60341 -0.5712 100
1.59441 0.899418 0.504 0.5 87.68 1.58379 -0.550582 100
1.58177 0.919506 0.501 0.5 87.97 1.55387 -0.530494 100
1.55637 0.95824 0.501 0.5 87.96 1.50211 -0.49176 100
1.54476 0.977004 0.508 0.5 87.18 1.48151 -0.472996 100
1.53258 0.996262 0.497 0.5 88.31 1.46182 -0.453738 100
1.52101 1.01485 0.499 0.5 88.12 1.44188 -0.43515 100
1.49653 1.05207 0.496 0.5 88.46 1.41678 -0.397934 100
1.482 1.06944 0.499 0.5 88.17 1.39461 -0.380557 100
1.46534 1.08513 0.5 0.5 88.07 1.36875 -0.364865 100
1.43307 1.11777 0.5 0.5 88.07 1.32324 -0.332234 100
1.41756 1.13478 0.508 0.5 87.19 1.29763 -0.315222 100
1.40232 1.15195 0.496 0.5 88.43 1.278 -0.298053 100
1.38715 1.16791 0.496 0.5 88.47 1.25835 -0.282091 100
1.36985 1.18364 0.494 0.5 88.73 1.23906 -0.26636 100
1.33105 1.21307 0.495 0.5 88.68 1.18476 -0.236933 100
1.31127 1.22642 0.496 0.5 88.62 1.15712 -0.223581 100
1.29285 1.23994 0.501 0.5 88.11 1.13146 -0.210057 100
1.27535 1.25341 0.5 0.5 88.21 1.12013 -0.196591 100
1.23976 1.28058 0.498 0.5 88.43 1.07237 -0.169416 100
1.22034 1.29371 0.502 0.5 88.01 1.04716 -0.156291 100
1.20004 1.30532 0.502 0.5 87.99 1.02228 -0.144679 100
1.17923 1.31474 0.506 0.5 87.53 0.998926 -0.135255 100
1.13731 1.33144 0.507 0.5 87.36 0.955247 -0.118563 100
1.11722 1.34141 0.513 0.5 86.63 0.93327 -0.108586 100
1.09711 1.35138 0.504 0.5 87.49 0.913302 -0.098621 100
1.07732 1.36088 0.498 0.5 88.11 0.891356 -0.08912 100
1.03449 1.37708 0.498 0.5 88.13 0.849302 -0.0729171 100
1.01168 1.38248 0.498 0.5 88.15 0.820826 -0.067525 100
0.988494 1.38812 0.497 0.5 88.28 0.795885 -0.061877 100
0.966465 1.39377 0.498 0.5 88.2 0.769641 -0.056231 100
0.923861 1.40503 0.498 0.5 88.22 0.72463 -0.0449741 100
0.902566 1.4103 0.499 0.5 88.13 0.704062 -0.039698 100
0.880593 1.41575 0.498 0.5 88.25 0.68098 -0.0342491 100
0.85827 1.4203 0.499 0.5 88.16 0.659269 -0.0297041 100
0.811921 1.42286 0.504 0.5 87.62 0.610293 -0.027138 100
0.788964 1.42282 0.506 0.5 87.36 0.587853 -0.027181 100
0.766511 1.42382 0.503 0.5 87.63 0.568112 -0.026185 100
0.744348 1.42575 0.507 0.5 87.16 0.544996 -0.02425 100
0.69968 1.42997 0.497 0.5 88.19 0.500535 -0.020032 100
0.676239 1.42953 0.497 0.5 88.22 0.479407 -0.020468 100
0.652899 1.42658 0.499 0.5 88.03 0.456225 -0.023424 100
0.628543 1.42536 0.505 0.5 87.38 0.414797 -0.024644 92.9024
0.584544 1.41827 0.494 0.5 88.54 0.383974 -0.0317301 81.1753
0.562284 1.41644 0.496 0.5 88.38 0.365798 -0.033565 75.6929
0.539074 1.41554 0.493 0.5 88.75 0.339231 -0.034458 68.3884
0.51801 1.41172 0.492 0.5 88.93 0.329699 -0.0382841 63.9701
0.473289 1.40469 0.495 0.5 88.68 0.285593 -0.0453141 49.3156
0.45206 1.39906 0.499 0.5 88.29 0.263242 -0.0509441 40.9903
0.42881 1.39446 0.504 0.5 87.75 0.234295 -0.0555381 31.6099
0.406398 1.38923 0.501 0.5 88.04 0.217723 -0.0607671 24.6247
0.360818 1.37985 0.5 0.5 88.14 0.196 -0.070155 14.3656
0.338095 1.37762 0.511 0.5 86.93 0.171932 -0.072383 7.92351
0.315457 1.37443 0.503 0.5 87.7 0.140432 -0.075575 -2.2084
0.291867 1.37073 0.505 0.5 87.45 0.14869 -0.0792711 -1.77966
0.2446 1.36388 0.506 0.5 87.29 0.125413 -0.086117 -10.9552
0.221633 1.36016 0.508 0.5 87.01 0.129833 -0.089844 -11.4759
0.198958 1.35685 0.51 0.5 86.71 0.117512 -0.0931491 -16.0258
0.175805 1.35503 0.52 0.5 85.51 0.0953173 -0.094969 -21.656
0.127944 1.35581 0.51 0.5 86.41 0.112847 -0.09419 -17.711
0.103617 1.35687 0.513 0.5 85.98 0.11703 -0.093134 -15.8787
0.079495 1.35537 0.512 0.5 85.96 0.111508 -0.0946281 -18.0837
0.055868 1.3535 0.513 0.5 85.73 0.121216 -0.096505 -16.4289
0.00774 1.35432 0.512 0.5 85.71 0.116984 -0.095679 -17.1975
-0.01604 1.3565 0.508 0.5 86.03 0.127915 -0.0935011 -13.7322
-0.039253 1.35834 0.508 0.5 85.95 0.125123 -0.091657 -13.5493
-0.062304 1.35971 0.506 0.5 86.09 0.133674 -0.090286 -10.8881
-0.108766 1.36213 0.505 0.5 86.14 0.12173 -0.087875 -12.8313
-0.131527 1.36305 0.504 0.5 86.2 0.141764 -0.086951 -7.37973
-0.154774 1.36547 0.501 0.5 86.49 0.142947 -0.084535 -6.14492
-0.177727 1.368 0.5 0.5 86.59 0.125918 -0.0820041 -9.30018
-0.224063 1.36922 0.507 0.5 85.82 0.128949 -0.080783 -7.37519
-0.245843 1.37139 0.501 0.5 86.41 0.122771 -0.0786051 -8.33929
-0.269366 1.37308 0.502 0.5 86.29 0.124576 -0.07692 -6.97173
-0.292568 1.37213 0.502 0.5 86.27 0.146769 -0.077875 -1.81061
-0.34007 1.3693 0.504 0.5 86.03 0.143721 -0.0807 -3.81998
-0.363832 1.36897 0.505 0.5 85.88 0.13855 -0.081035 -5.21804
Acheived waypoint: 3
-0.3866 1.37132 0.506 0.5 85.72 1.73739 -0.613782 100
-0.40955 1.37145 0.509 0.5 85.33 1.6907 -0.590832 100
-0.455788 1.37061 0.505 0.5 85.68 1.7095 -0.544598 100
-0.479674 1.3705 0.505 0.5 85.63 1.70744 -0.520713 100
-0.503527 1.37057 0.504 0.5 85.69 1.70888 -0.49686 100
-0.526347 1.37171 0.504 0.5 85.65 1.70674 -0.474035 100
-0.571537 1.37092 0.503 0.5 85.72 1.72476 -0.428849 100
-0.59382 1.3645 0.502 0.5 85.8 1.64917 -0.406598 100
-0.615483 1.35955 0.502 0.5 85.78 1.62664 -0.38496 100
-0.63781 1.35359 0.502 0.5 85.76 1.6085 -0.362663 100
-0.678217 1.33484 0.501 0.5 85.85 1.52578 -0.322349 100
-0.699012 1.32129 0.498 0.5 86.17 1.53447 -0.301621 100
-0.717932 1.30748 0.499 0.5 86.08 1.56385 -0.28277 100
-0.737643 1.29631 0.492 0.5 86.86 1.54126 -0.263115 100
-0.776007 1.27595 0.491 0.5 87.05 1.50168 -0.224852 100
-0.794349 1.26453 0.49 0.5 87.25 1.48435 -0.206567 100
-0.812859 1.25051 0.488 0.5 87.57 1.45934 -0.188126 100
-0.831383 1.23568 0.488 0.5 87.69 1.43113 -0.169676 100
-0.86684 1.20575 0.49 0.5 87.59 1.38486 -0.134368 100
-0.883586 1.19286 0.494 0.5 87.25 1.37227 -0.117686 100
-0.900466 1.17909 0.498 0.5 86.87 1.36249 -0.100874 100
-0.917606 1.1654 0.494 0.5 87.33 1.35131 -0.0838019 100
-0.952107 1.13574 0.494 0.5 87.39 1.32349 -0.0494481 100
-0.967182 1.117 0.496 0.5 87.23 1.25804 -0.0344661 100
-0.980684 1.09872 0.498 0.5 87.05 1.23068 -0.0210548 100
-0.994017 1.08086 0.498 0.5 87.07 1.20865 -0.00781031 100
-1.02286 1.04653 0.497 0.5 87.2 1.16699 0.0208634 100
-1.03736 1.02958 0.496 0.5 87.34 1.14864 0.0352763 100
-1.05091 1.01218 0.494 0.5 87.6 1.11578 0.048745 100
-1.06442 0.993545 0.504 0.5 86.56 1.09216 0.0621606 100
-1.08761 0.952779 0.498 0.5 87.18 1.04794 0.0851434 100
-1.09855 0.931728 0.494 0.5 87.64 1.01327 0.0959831 100
-1.11005 0.911843 0.494 0.5 87.7 0.987495 0.107382 100
-1.12175 0.892986 0.495 0.5 87.65 0.988913 0.118994 100
-1.14224 0.853252 0.495 0.5 87.7 0.92342 0.139282 100
-1.15348 0.834091 0.494 0.5 87.86 0.903121 0.150428 100
-1.16353 0.813181 0.497 0.5 87.59 0.890964 0.160377 100
-1.16999 0.79078 0.497 0.5 87.62 0.859522 0.166723 100
-1.18214 0.746365 0.499 0.5 87.43 0.811772 0.178651 100
-1.18989 0.725119 0.503 0.5 87 0.800555 0.186298 100
-1.19784 0.704337 0.499 0.5 87.41 0.756164 0.194151 100
-1.20658 0.683362 0.501 0.5 87.2 0.746898 0.202781 100
-1.21772 0.638242 0.498 0.5 87.52 0.70566 0.2137 100
-1.21993 0.61456 0.497 0.5 87.65 0.684917 0.215793 100
-1.2245 0.591985 0.502 0.5 87.13 0.665264 0.220254 100
-1.22691 0.569304 0.497 0.5 87.66 0.626076 0.222548 100
-1.23486 0.524589 0.497 0.5 87.69 0.586677 0.230281 100
-1.23626 0.501845 0.496 0.5 87.83 0.573459 0.231559 100
-1.23986 0.479761 0.496 0.5 87.87 0.542612 0.235049 100
-1.24214 0.456968 0.497 0.5 87.8 0.529929 0.237226 100
-1.23944 0.412585 0.5 0.5 87.5 0.485587 0.234303 100
-1.23715 0.389838 0.508 0.5 86.62 0.451652 0.231898 100
-1.23492 0.367102 0.497 0.5 87.75 0.43816 0.229555 100
-1.23347 0.343729 0.497 0.5 87.78 0.43254 0.227992 100
-1.23182 0.300343 0.497 0.5 87.81 0.391947 0.226124 100
-1.22916 0.277791 0.498 0.5 87.73 0.370034 0.223353 100
-1.22392 0.254348 0.495 0.5 88.08 0.340936 0.218002 100
-1.21772 0.230814 0.494 0.5 88.24 0.315708 0.211677 100
-1.20743 0.185798 0.495 0.5 88.19 0.26919 0.201165 100
-1.20311 0.164366 0.497 0.5 88.02 0.244693 0.196742 100
-1.19781 0.142736 0.498 0.5 87.94 0.226289 0.191333 100
-1.19233 0.120664 0.496 0.5 88.18 0.207957 0.185744 100
-1.17976 0.0759 0.498 0.5 88 0.15563 0.172956 100
-1.16964 0.054317 0.506 0.5 87.14 0.140857 0.162725 100
Acheived waypoint: 4
-1.15899 0.034041 0.504 0.5 87.3 1.69125 -0.604041 100
-1.14942 0.014372 0.507 0.5 86.93 1.67323 -0.584372 100
-1.13028 -0.02783 0.502 0.5 87.41 1.6268 -0.54217 100
-1.12145 -0.048606 0.502 0.5 87.39 1.60031 -0.521394 100
-1.11226 -0.069074 0.502 0.5 87.37 1.58021 -0.500926 100
-1.0998 -0.088906 0.502 0.5 87.35 1.55746 -0.481094 100
-1.07101 -0.12704 0.504 0.5 87.11 1.48661 -0.44296 100
-1.05803 -0.146743 0.499 0.5 87.62 1.45444 -0.423257 100
-1.04635 -0.165009 0.5 0.5 87.52 1.44565 -0.404991 100
-1.03306 -0.184096 0.501 0.5 87.41 1.41663 -0.385904 100
-1.00622 -0.220356 0.5 0.5 87.51 1.37909 -0.349644 100
-0.992941 -0.239202 0.499 0.5 87.62 1.35715 -0.330798 100
-0.976954 -0.256214 0.499 0.5 87.63 1.3336 -0.313786 100
-0.959381 -0.271237 0.501 0.5 87.42 1.30872 -0.298763 100
-0.924914 -0.30143 0.502 0.5 87.3 1.26425 -0.26857 100
-0.908895 -0.316984 0.504 0.5 87.06 1.24315 -0.253016 100
-0.893354 -0.333668 0.5 0.5 87.46 1.22161 -0.236332 100
-0.877485 -0.350229 0.501 0.5 87.35 1.19933 -0.219771 100
-0.838957 -0.377804 0.501 0.5 87.34 1.14972 -0.192196 100
-0.818744 -0.390781 0.502 0.5 87.22 1.12331 -0.179219 100
-0.799838 -0.403506 0.505 0.5 86.87 1.10091 -0.166494 100
-0.781855 -0.416792 0.5 0.5 87.37 1.08772 -0.153208 100
-0.743003 -0.442248 0.5 0.5 87.37 1.03743 -0.127752 100
-0.72387 -0.454125 0.5 0.5 87.37 1.01596 -0.115875 100
-0.705308 -0.467187 0.498 0.5 87.59 0.993893 -0.102813 100
-0.685363 -0.477687 0.5 0.5 87.39 0.970161 -0.092313 100
-0.642701 -0.493387 0.501 0.5 87.28 0.926968 -0.076613 100
-0.620827 -0.501382 0.502 0.5 87.16 0.90533 -0.068618 100
-0.598728 -0.509775 0.501 0.5 87.25 0.877025 -0.060225 100
-0.578397 -0.518469 0.499 0.5 87.46 0.85539 -0.051531 100
-0.536887 -0.535584 0.498 0.5 87.58 0.808439 -0.034416 100
-0.513781 -0.541408 0.497 0.5 87.71 0.785772 -0.028592 100
-0.490338 -0.546649 0.499 0.5 87.52 0.748125 -0.023351 100
-0.467528 -0.550556 0.5 0.5 87.42 0.732817 -0.019444 100
-0.424962 -0.562301 0.501 0.5 87.31 0.699479 -0.00769901 100
-0.403874 -0.566945 0.501 0.5 87.3 0.680643 -0.00305498 100
-0.381932 -0.57115 0.498 0.5 87.62 0.654158 0.00115001 100
-0.359272 -0.576161 0.499 0.5 87.53 0.628445 0.00616103 100
-0.313721 -0.582274 0.5 0.5 87.43 0.589534 0.012274 100
-0.290962 -0.581241 0.503 0.5 87.1 0.568401 0.011241 100
-0.268217 -0.580784 0.502 0.5 87.18 0.549314 0.010784 100
-0.246271 -0.57977 0.498 0.5 87.6 0.508848 0.00977004 100
-0.200402 -0.58121 0.497 0.5 87.73 0.475556 0.01121 100
-0.177735 -0.582212 0.499 0.5 87.54 0.454252 0.012212 100
-0.15442 -0.581423 0.5 0.5 87.44 0.433691 0.011423 100
-0.131224 -0.577985 0.497 0.5 87.77 0.420664 0.007985 100
-0.108438 -0.572451 0.496 0.5 87.91 0.372541 0.002451 95.8076
-0.061952 -0.567731 0.499 0.5 87.62 0.34603 -0.00226897 86.6708
-0.03983 -0.565158 0.496 0.5 87.96 0.325115 -0.00484198 80.0388
-0.017257 -0.562253 0.496 0.5 88 0.306755 -0.00774699 73.8927
0.027913 -0.555093 0.496 0.5 88.04 0.261262 -0.014907 58.6844
0.049955 -0.547521 0.497 0.5 87.97 0.222772 -0.022479 45.0694
0.072504 -0.540389 0.499 0.5 87.78 0.210784 -0.029611 38.455
0.093063 -0.531612 0.5 0.5 87.68 0.182009 -0.038388 26.7471
0.136939 -0.519048 0.502 0.5 87.46 0.168978 -0.050952 17.2147
0.158485 -0.513841 0.502 0.5 87.44 0.148606 -0.056159 9.44136
0.179909 -0.507757 0.503 0.5 87.31 0.0987043 -0.062243 -6.19628
0.202925 -0.502834 0.504 0.5 87.17 0.0918103 -0.067166 -10.3236
0.249356 -0.490569 0.505 0.5 87.02 0.0718907 -0.079431 -21.3503
0.271805 -0.487099 0.508 0.5 86.64 0.0621964 -0.082901 -25.2712
0.293829 -0.48471 0.509 0.5 86.45 0.0586316 -0.08529 -27.2563
0.317359 -0.483319 0.509 0.5 86.36 0.0475975 -0.086681 -30.7312
0.364527 -0.479841 0.512 0.5 85.94 0.0544222 -0.090159 -30.4271
0.388735 -0.482296 0.508 0.5 86.26 0.0601698 -0.087704 -28.1194
0.41271 -0.484013 0.51 0.5 85.96 0.0712724 -0.085987 -24.3042
0.436012 -0.48103 0.507 0.5 86.19 0.0595781 -0.08897 -28.9686
0.486823 -0.479109 0.508 0.5 86.01 0.0579554 -0.090891 -30.226
0.510375 -0.47964 0.516 0.5 85.05 0.0915512 -0.09036 -20.7633
0.533659 -0.482041 0.507 0.5 85.88 0.0941129 -0.087959 -19.7123
0.554639 -0.484451 0.506 0.5 85.92 0.0933806 -0.085549 -18.8083
0.600447 -0.485292 0.502 0.5 86.3 0.096177 -0.084708 -18.0176
0.625586 -0.486782 0.5 0.5 86.5 0.115231 -0.083218 -12.6124
0.649 -0.487872 0.498 0.5 86.72 0.115838 -0.082128 -12.0829
0.671047 -0.489948 0.501 0.5 86.41 0.0735163 -0.080052 -21.5555
0.713714 -0.488329 0.502 0.5 86.29 0.107498 -0.081671 -13.6498
0.736931 -0.489388 0.501 0.5 86.38 0.131339 -0.080612 -7.15619
0.760978 -0.490973 0.504 0.5 86.04 0.118227 -0.079027 -9.46861
0.786978 -0.496121 0.51 0.5 85.34 0.166206 -0.073879 5.67159
Acheived waypoint: 1
0.833006 -0.489642 0.505 0.5 85.79 1.69311 -0.626994 100
0.85606 -0.487878 0.504 0.5 85.85 1.69588 -0.60394 100
0.880019 -0.486523 0.505 0.5 85.7 1.67909 -0.579981 100
0.903773 -0.486997 0.505 0.5 85.65 1.67842 -0.556227 100
0.948641 -0.487004 0.505 0.5 85.6 1.67258 -0.511359 100
0.971173 -0.484149 0.504 0.5 85.66 1.68021 -0.488827 100
0.993981 -0.480258 0.504 0.5 85.62 1.68111 -0.466019 100
1.01625 -0.476472 0.499 0.5 86.13 1.65469 -0.443748 100
1.06046 -0.464646 0.499 0.5 86.14 1.57907 -0.399536 100
1.08002 -0.451977 0.499 0.5 86.15 1.59404 -0.379984 100
1.10044 -0.441895 0.496 0.5 86.49 1.58175 -0.359565 100
1.12058 -0.431894 0.493 0.5 86.86 1.55461 -0.339418 100
1.16116 -0.410487 0.492 0.5 87.04 1.51166 -0.298835 100
1.17913 -0.396049 0.492 0.5 87.12 1.48783 -0.280866 100
1.17913 -0.396049 0.496 0.5 86.76 1.48783 -0.280866 100
1.214 -0.367254 0.493 0.5 87.13 1.44351 -0.246004 100
1.24931 -0.3416 0.491 0.5 87.42 1.40596 -0.210689 100
1.26742 -0.329638 0.491 0.5 87.51 1.38403 -0.192575 100
1.28508 -0.315963 0.486 0.5 88.15 1.3607 -0.174916 100
1.30088 -0.300183 0.487 0.5 88.18 1.34249 -0.159117 100
1.33168 -0.26713 0.489 0.5 88.09 1.29019 -0.128324 100
1.34635 -0.252005 0.491 0.5 87.98 1.26545 -0.113646 100
1.36232 -0.236555 0.491 0.5 88.07 1.24378 -0.097681 100
1.37801 -0.22085 0.491 0.5 88.16 1.22013 -0.081987 100
1.4082 -0.187615 0.49 0.5 88.36 1.17831 -0.0518 100
1.42401 -0.171606 0.492 0.5 88.24 1.15645 -0.0359861 100
1.43652 -0.153388 0.495 0.5 87.99 1.14816 -0.0234771 100
1.44818 -0.134463 0.497 0.5 87.82 1.1391 -0.011821 100
1.47059 -0.093824 0.498 0.5 87.74 1.0701 0.010587 100
1.48353 -0.075276 0.499 0.5 87.65 1.05395 0.0235289 100
1.49635 -0.055935 0.499 0.5 87.66 1.04601 0.036351 100
1.50879 -0.038217 0.498 0.5 87.78 1.00687 0.0487889 100
1.5289 0.004304 0.498 0.5 87.8 0.956656 0.0688959 100
1.53771 0.026677 0.502 0.5 87.38 0.929294 0.077713 100
1.54615 0.048526 0.499 0.5 87.69 0.890004 0.086146 100
1.55547 0.06876 0.499 0.5 87.7 0.870593 0.0954709 100
1.57301 0.108253 0.501 0.5 87.49 0.844279 0.11301 100
1.58179 0.130613 0.498 0.5 87.81 0.817903 0.121792 100
1.58965 0.152292 0.498 0.5 87.83 0.77901 0.129645 100
1.59749 0.174976 0.499 0.5 87.74 0.754371 0.137495 100
1.60491 0.219373 0.503 0.5 87.31 0.716152 0.144913 100
1.6079 0.241214 0.504 0.5 87.17 0.694553 0.147898 100
1.61238 0.264873 0.5 0.5 87.57 0.663112 0.152376 100
1.61715 0.286764 0.498 0.5 87.79 0.647287 0.157155 100
1.62748 0.331005 0.498 0.5 87.81 0.595175 0.167484 100
1.62839 0.353825 0.499 0.5 87.72 0.575745 0.168388 100
1.62758 0.377188 0.5 0.5 87.62 0.554117 0.16758 100
1.62844 0.400374 0.499 0.5 87.73 0.53217 0.168443 100
1.63 0.4453 0.502 0.5 87.41 0.490954 0.169997 100
1.63143 0.468109 0.498 0.5 87.83 0.468842 0.171431 100
1.63084 0.490625 0.498 0.5 87.85 0.451651 0.170845 100
1.63142 0.512689 0.496 0.5 88.09 0.436579 0.17142 100
1.62875 0.559732 0.497 0.5 88.02 0.392656 0.168746 100
1.62298 0.582945 0.5 0.5 87.72 0.35798 0.162978 100
1.61749 0.605633 0.5 0.5 87.72 0.333417 0.157488 100
1.61278 0.627797 0.502 0.5 87.5 0.311422 0.152777 100
1.60538 0.672744 0.5 0.5 87.7 0.274852 0.145377 100
1.60182 0.695387 0.502 0.5 87.48 0.247777 0.141822 100
1.59435 0.71791 0.5 0.5 87.68 0.201691 0.134347 100
1.58405 0.739068 0.502 0.5 87.46 0.20081 0.124055 100
1.56913 0.783005 0.503 0.5 87.33 0.152925 0.10913 93.0386
1.56224 0.804169 0.51 0.5 86.53 0.121979 0.102242 81.1754
1.56224 0.804169 0.5 0.5 87.53 0.121979 0.102242 82.153
Acheived waypoint: 2
1.5464 0.846553 0.499 0.5 87.64 1.66064 -0.603447 100
1.53736 0.868176 0.498 0.5 87.76 1.64015 -0.581824 100
1.51998 0.909756 0.505 0.5 87.01 1.5927 -0.540244 100
1.50744 0.929356 0.502 0.5 87.29 1.56712 -0.520644 100
1.49562 0.949696 0.502 0.5 87.27 1.54932 -0.500304 100
1.4743 0.990919 0.502 0.5 87.25 1.51351 -0.459081 100
1.46335 1.01105 0.504 0.5 87.01 1.49345 -0.438945 100
1.45239 1.0298 0.504 0.5 86.97 1.46911 -0.4202 100
1.43952 1.04919 0.501 0.5 87.26 1.44657 -0.400808 100
1.40895 1.08572 0.501 0.5 87.25 1.41144 -0.364281 100
1.39267 1.10352 0.498 0.5 87.57 1.37162 -0.346477 100
1.37865 1.12115 0.499 0.5 87.48 1.34927 -0.328847 100
1.36489 1.13812 0.498 0.5 87.6 1.32972 -0.311876 100
1.35174 1.15463 0.496 0.5 87.84 1.32554 -0.29537 100
1.32098 1.18863 0.502 0.5 87.22 1.27898 -0.261367 100
1.30514 1.20524 0.493 0.5 88.19 1.2574 -0.244756 100
1.28771 1.22039 0.498 0.5 87.71 1.23988 -0.229606 100
1.26932 1.23349 0.499 0.5 87.62 1.20956 -0.216507 100
1.23243 1.25914 0.5 0.5 87.52 1.16606 -0.190861 100
1.21426 1.27291 0.497 0.5 87.85 1.14349 -0.17709 100
1.19682 1.28703 0.496 0.5 87.99 1.12092 -0.162967 100
1.1599 1.31372 0.497 0.5 87.92 1.07511 -0.136284 100
1.13893 1.32344 0.499 0.5 87.73 1.04743 -0.126559 100
1.11737 1.33386 0.502 0.5 87.41 1.02218 -0.116143 100
1.09697 1.34457 0.5 0.5 87.61 0.997392 -0.105427 100
1.05795 1.36672 0.5 0.5 87.61 0.953518 -0.0832801 100
1.03815 1.37729 0.508 0.5 86.73 0.934909 -0.0727071 100
1.01748 1.38639 0.5 0.5 87.53 0.914569 -0.0636081 100
0.997043 1.39631 0.501 0.5 87.42 0.888783 -0.0536931 100
0.952737 1.4106 0.502 0.5 87.3 0.837648 -0.039397 100
0.929946 1.41607 0.502 0.5 87.28 0.813512 -0.033926 100
0.907754 1.42051 0.506 0.5 86.82 0.793288 -0.0294851 100
0.886724 1.42588 0.501 0.5 87.31 0.772957 -0.024119 100
0.844322 1.4392 0.502 0.5 87.19 0.730737 -0.0107981 100
0.821896 1.4446 0.495 0.5 87.94 0.706436 -0.00540006 100
0.79934 1.44688 0.497 0.5 87.77 0.679012 -0.00311708 100
0.775935 1.44854 0.498 0.5 87.69 0.654609 -0.00146008 100
0.732721 1.45327 0.498 0.5 87.71 0.60854 0.00327492 100
0.710304 1.45671 0.495 0.5 88.06 0.585871 0.00671196 100
0.687889 1.45946 0.493 0.5 88.33 0.566958 0.00946093 100
0.665168 1.46091 0.495 0.5 88.18 0.550992 0.0109069 100
0.620346 1.46371 0.496 0.5 88.12 0.503475 0.013711 100
0.597666 1.46259 0.507 0.5 86.95 0.479316 0.012592 100
0.574713 1.45952 0.5 0.5 87.65 0.45638 0.00951791 100
0.551661 1.45651 0.508 0.5 86.77 0.43231 0.00651193 100
0.505572 1.45346 0.501 0.5 87.46 0.385931 0.00346494 99.7074
0.505572 1.45346 0.502 0.5 87.34 0.385931 0.00346494 99.7039
0.459937 1.44765 0.505 0.5 86.99 0.352293 -0.00235307 88.2319
0.435561 1.44441 0.501 0.5 87.38 0.312758 -0.00559008 76.5485
0.389645 1.43051 0.502 0.5 87.26 0.26221 -0.0194941 56.6997
0.367706 1.42364 0.509 0.5 86.47 0.248094 -0.026358 49.8366
0.346055 1.41849 0.5 0.5 87.37 0.232293 -0.031509 42.9842
0.324408 1.4136 0.497 0.5 87.7 0.2112 -0.036404 35.0466
0.279748 1.40111 0.497 0.5 87.73 0.167064 -0.048895 17.5124
0.256949 1.39886 0.498 0.5 87.65 0.151174 -0.051138 12.3974
0.233769 1.39553 0.503 0.5 87.12 0.142446 -0.0544701 8.77558
0.211515 1.38932 0.504 0.5 86.98 0.131044 -0.0606841 2.84661
0.166647 1.37712 0.505 0.5 86.83 0.108501 -0.0728821 -8.84027
0.143423 1.37324 0.514 0.5 85.79 0.0971749 -0.0767571 -12.96
0.119795 1.37105 0.508 0.5 86.31 0.0924136 -0.078951 -15.6772
0.096408 1.37094 0.51 0.5 86.01 0.0871773 -0.0790601 -16.9082
0.050173 1.36753 0.511 0.5 85.8 0.0904545 -0.0824701 -17.6536
0.025973 1.36509 0.508 0.5 86.02 0.081414 -0.084915 -21.3732
0.002242 1.36328 0.508 0.5 85.94 0.0829403 -0.086725 -21.865
-0.021297 1.36292 0.507 0.5 85.97 0.0828583 -0.087077 -22.14
-0.067605 1.36169 0.511 0.5 85.46 0.0864361 -0.088315 -21.4977
-0.09079 1.36309 0.51 0.5 85.46 0.0907286 -0.0869111 -19.8131
-0.114574 1.36636 0.508 0.5 85.58 0.0945476 -0.0836401 -17.4199
-0.138175 1.36751 0.507 0.5 85.61 0.0998553 -0.0824871 -15.5909
-0.187437 1.36658 0.507 0.5 85.54 0.0885022 -0.0834241 -18.9292
-0.211076 1.36563 0.507 0.5 85.47 0.110489 -0.084375 -13.8122
-0.234795 1.36809 0.507 0.5 85.4 0.0977 -0.0819091 -15.8559
-0.256978 1.36947 0.507 0.5 85.33 0.0891639 -0.08053 -17.3494
-0.301501 1.37165 0.507 0.5 85.26 0.118057 -0.078349 -8.95044
-0.301501 1.37165 0.504 0.5 85.52 0.118057 -0.078349 -9.17843
-0.348257 1.37111 0.502 0.5 85.7 0.123785 -0.0788871 -8.14367
-0.370487 1.37214 0.502 0.5 85.68 0.115578 -0.0778561 -9.7177
-0.370487 1.37214 0.502 0.5 85.66 0.115578 -0.0778561 -9.7177
-0.370487 1.37214 0.502 0.5 85.64 0.115578 -0.0778561 -9.7177
-0.370487 1.37214 0.502 0.5 85.62 0.115578 -0.0778561 -9.7177
