Desired velocity: 0.35
Waypoints: 
-1.01,-0.57
1.46,-0.57
1.46,1.45
-1,1.45
x       y       velocity      desired_vel     vel_output      heading    crosstrack_error   steer_angle
0 0 0 0.35 38.5 0 -0.57 -100
-0.928231 0.812747 0 0.35 42 1.68716 -1.38275 29.5334
-0.928217 0.812738 0.001 0.35 45.39 1.6873 -1.38274 29.7522
-0.928325 0.812517 0.031 0.35 45.58 1.68845 -1.38252 35.5515
-0.928742 0.80994 0.053 0.35 46.35 1.69598 -1.37994 41.5149
-0.928133 0.797178 0.084 0.35 45.91 1.69469 -1.36718 47.0204
-0.928882 0.789757 0.104 0.35 46.37 1.68992 -1.35976 49.6082
-0.932212 0.781795 0.134 0.35 45.53 1.70366 -1.35179 58.7985
-0.934423 0.773051 0.151 0.35 45.82 1.71143 -1.34305 64.1096
-0.938183 0.752556 0.173 0.35 45.39 1.72472 -1.32256 72.0802
-0.939058 0.741559 0.185 0.35 45.84 1.72612 -1.31156 74.9868
-0.938726 0.73064 0.196 0.35 46.28 1.72549 -1.30064 77.2245
-0.937985 0.720408 0.21 0.35 46.28 1.72285 -1.29041 79.5368
-0.935766 0.700177 0.219 0.35 46.69 1.71053 -1.27018 78.8003
-0.934694 0.689298 0.222 0.35 47.67 1.70406 -1.2593 78.1104
-0.932925 0.678418 0.225 0.35 48.62 1.69966 -1.24842 77.9643
-0.928677 0.668785 0.23 0.35 49.32 1.68756 -1.23879 76.2276
-0.920191 0.648334 0.227 0.35 50.85 1.6674 -1.21833 71.2723
-0.916466 0.637926 0.228 0.35 51.97 1.6612 -1.20793 70.295
-0.911285 0.627862 0.231 0.35 52.86 1.64525 -1.19786 67.249
-0.907967 0.618088 0.233 0.35 53.83 1.63691 -1.18809 65.9314
-0.900628 0.598494 0.238 0.35 54.45 1.61813 -1.16849 63.0107
-0.897121 0.588584 0.24 0.35 55.35 1.61216 -1.15858 62.3419
-0.893374 0.578189 0.246 0.35 55.79 1.60507 -1.14819 62.2668
-0.888901 0.567219 0.249 0.35 56.5 1.5954 -1.13722 60.9546
-0.879045 0.544085 0.255 0.35 56.85 1.5785 -1.11408 59.0648
-0.875408 0.532319 0.263 0.35 56.92 1.57818 -1.10232 61.3174
-0.869771 0.520384 0.27 0.35 57.02 1.57201 -1.09038 61.9174
-0.863895 0.508705 0.274 0.35 57.38 1.55602 -1.07871 59.383
-0.851393 0.48255 0.278 0.35 57.7 1.53517 -1.05255 56.4965
-0.847828 0.470413 0.286 0.35 57.54 1.49612 -1.04041 49.1334
-0.843728 0.458356 0.292 0.35 57.52 1.48922 -1.02836 49.5155
-0.837182 0.445924 0.293 0.35 57.99 1.50718 -1.01592 55.1202
-0.826415 0.421081 0.293 0.35 58.56 1.49534 -0.991081 53.805
-0.821689 0.408659 0.293 0.35 59.13 1.46059 -0.978659 45.8604
-0.815128 0.397275 0.298 0.35 59.15 1.46974 -0.967275 50.2039
-0.807604 0.38166 0.301 0.35 59.34 1.46616 -0.95166 51.1931
-0.798934 0.355501 0.304 0.35 59.5 1.43243 -0.925501 45.4307
-0.794588 0.342373 0.306 0.35 59.74 1.42604 -0.912373 45.3904
-0.790107 0.330836 0.31 0.35 59.74 1.44597 -0.900836 52.4367
-0.784282 0.321373 0.311 0.35 60.03 1.41488 -0.891373 45.6297
-0.76973 0.294529 0.311 0.35 60.42 1.40059 -0.864529 44.4442
-0.762003 0.281292 0.312 0.35 60.7 1.3902 -0.851292 43.3269
-0.755674 0.267996 0.314 0.35 60.86 1.41089 -0.837996 50.4063
-0.751551 0.255952 0.316 0.35 61 1.37579 -0.825952 43.2491
-0.743843 0.241186 0.316 0.35 61.34 1.39884 -0.811186 50.6384
-0.729617 0.21557 0.319 0.35 61.35 1.38919 -0.78557 51.8087
-0.722537 0.203201 0.324 0.35 61.11 1.37966 -0.773201 52.2017
-0.71622 0.190559 0.325 0.35 61.26 1.37265 -0.760559 52.2046
1000 1000 0.325 0.35 61.51 1.39628 -1000.57 -44.2115
1000 1000 0.325 0.35 61.76 1.39628 -1000.57 -44.2115
1000 1000 0.327 0.35 61.79 1.39628 -1000.57 -44.211
-0.67544 0.122377 0.328 0.35 61.91 1.33182 -0.692377 51.6323
-0.659184 0.097411 0.33 0.35 61.91 1.31381 -0.667411 51.3227
-0.651371 0.085453 0.331 0.35 62 1.30803 -0.655453 51.9961
-0.643565 0.072735 0.33 0.35 62.3 1.30329 -0.642735 52.4935
-0.636379 0.058382 0.329 0.35 62.61 1.30684 -0.628382 55.4237
-0.626768 0.02665 0.33 0.35 62.71 1.31023 -0.59665 62.0937
-0.623773 0.011039 0.333 0.35 62.58 1.31219 -0.581039 66.4477
-0.619989 -0.003738 0.336 0.35 62.42 1.31847 -0.566262 71.8787
-0.612679 -0.017014 0.337 0.35 62.45 1.3138 -0.552986 73.6846
-0.603138 -0.028945 0.339 0.35 62.36 1.30197 -0.541055 73.8301
-0.583547 -0.052916 0.338 0.35 62.58 1.28358 -0.517084 74.0425
-0.574804 -0.065455 0.336 0.35 62.92 1.27515 -0.504545 74.0749
-0.565193 -0.078462 0.335 0.35 63.17 1.26376 -0.491538 73.9049
-0.554807 -0.090452 0.335 0.35 63.32 1.25189 -0.479548 73.8218
-0.534492 -0.112526 0.335 0.35 63.47 1.23457 -0.457474 75.0865
-0.524353 -0.123643 0.336 0.35 63.51 1.2209 -0.446357 74.9656
-0.513713 -0.134938 0.336 0.35 63.65 1.21473 -0.435062 76.5363
-0.491306 -0.154412 0.338 0.35 63.57 1.18366 -0.415588 75.0426
-0.47962 -0.165607 0.337 0.35 63.8 1.16915 -0.404393 74.3901
-0.468988 -0.177262 0.337 0.35 63.93 1.16914 -0.392738 78.0472
-0.45752 -0.188359 0.338 0.35 63.95 1.14659 -0.381641 76.3005
-0.43556 -0.208452 0.34 0.35 63.85 1.13323 -0.361548 80.4899
-0.423456 -0.21929 0.345 0.35 63.4 1.12548 -0.35071 84.2312
-0.411905 -0.22725 0.339 0.35 64.11 1.10976 -0.34275 80.9302
-0.399757 -0.237205 0.34 0.35 64.11 1.09915 -0.332795 82.3495
-0.376906 -0.25851 0.341 0.35 64.1 1.07499 -0.31149 84.9719
-0.364792 -0.269537 0.341 0.35 64.19 1.06485 -0.300463 86.9452
-0.351831 -0.27891 0.341 0.35 64.28 1.05083 -0.29109 87.3682
-0.338012 -0.287995 0.343 0.35 64.15 1.04408 -0.282005 90.3472
-0.310955 -0.304402 0.343 0.35 64.22 1.01824 -0.265598 91.2045
-0.29822 -0.313307 0.343 0.35 64.29 1.00499 -0.256693 92.013
-0.286638 -0.320914 0.343 0.35 64.36 0.988765 -0.249086 91.541
-0.274756 -0.328827 0.342 0.35 64.54 0.980164 -0.241173 92.8851
-0.26187 -0.336491 0.339 0.35 64.95 0.966482 -0.233509 92.2083
-0.234501 -0.351325 0.344 0.35 64.51 0.9439 -0.218675 95.8515
-0.219887 -0.357898 0.339 0.35 65.12 0.928589 -0.212102 93.7837
-0.204642 -0.363791 0.34 0.35 65.12 0.918047 -0.206209 94.6355
-0.189016 -0.369874 0.342 0.35 65 0.901647 -0.200126 94.469
-0.159133 -0.3832 0.344 0.35 64.86 0.867074 -0.1868 93.808
-0.145395 -0.389117 0.346 0.35 64.7 0.855114 -0.180883 94.7733
-0.131021 -0.395864 0.346 0.35 64.74 0.837453 -0.174136 94.2087
-0.11715 -0.400705 0.343 0.35 65.11 0.829072 -0.169295 94.056
-0.085945 -0.411292 0.342 0.35 65.29 0.80426 -0.158708 93.852
-0.070588 -0.41589 0.343 0.35 65.26 0.787942 -0.15411 92.8097
-0.055205 -0.421549 0.348 0.35 64.78 0.773386 -0.148451 93.9531
-0.025928 -0.432179 0.345 0.35 65.13 0.745566 -0.137821 92.7684
-0.011405 -0.434968 0.348 0.35 64.85 0.728892 -0.135032 91.0542
0.003583 -0.437643 0.347 0.35 64.98 0.714186 -0.132357 88.7787
0.019024 -0.440597 0.346 0.35 65.12 0.70208 -0.129403 87.3577
0.050302 -0.447009 0.346 0.35 65.16 0.681165 -0.122991 86.2003
0.065188 -0.450679 0.345 0.35 65.31 0.660037 -0.119321 83.0094
0.080558 -0.453579 0.344 0.35 65.47 0.638671 -0.116421 79.2735
0.095389 -0.456451 0.344 0.35 65.53 0.636452 -0.113549 80.6162
0.125143 -0.4612 0.346 0.35 65.37 0.610631 -0.1088 77.6573
0.140529 -0.463242 0.346 0.35 65.41 0.604458 -0.106758 77.456
0.157843 -0.464044 0.345 0.35 65.56 0.587256 -0.105956 73.4215
0.175022 -0.464334 0.352 0.35 64.84 0.56828 -0.105666 70.2161
0.208076 -0.468676 0.348 0.35 65.26 0.544403 -0.101324 66.2627
0.223506 -0.471396 0.349 0.35 65.17 0.529497 -0.098604 64.5029
0.23886 -0.473144 0.351 0.35 64.96 0.516056 -0.096856 62.6429
0.254611 -0.47469 0.351 0.35 64.95 0.49731 -0.09531 58.9251
0.28563 -0.476288 0.348 0.35 65.27 0.48212 -0.093712 55.6021
0.303956 -0.47676 0.347 0.35 65.4 0.464646 -0.09324 51.3054
0.320884 -0.479137 0.348 0.35 65.32 0.459571 -0.090863 51.8204
0.337295 -0.483525 0.349 0.35 65.23 0.469236 -0.086475 57.4487
0.368049 -0.485867 0.353 0.35 64.8 0.440289 -0.084133 52.3646
0.38403 -0.48626 0.353 0.35 64.77 0.426886 -0.08374 49.2303
0.400545 -0.487317 0.353 0.35 64.74 0.429407 -0.082683 50.5903
0.415223 -0.485707 0.352 0.35 64.82 0.40258 -0.084293 42.5223
0.448939 -0.492181 0.35 0.35 65.02 0.398852 -0.077819 45.7032
0.465173 -0.492697 0.35 0.35 65.02 0.371364 -0.077303 39.0833
0.48113 -0.492573 0.352 0.35 64.8 0.368917 -0.077427 38.6807
0.497164 -0.49453 0.353 0.35 64.67 0.382754 -0.07547 43.6876
0.528708 -0.49417 0.354 0.35 64.53 0.347756 -0.07583 34.7046
0.54449 -0.494438 0.355 0.35 64.38 0.306407 -0.075562 24.5396
0.559824 -0.492336 0.353 0.35 64.55 0.335408 -0.077664 30.1642
0.577046 -0.494925 0.352 0.35 64.63 0.334796 -0.075075 31.6404
0.610367 -0.498308 0.352 0.35 64.61 0.303963 -0.071692 26.1525
0.625736 -0.497087 0.352 0.35 64.59 0.303175 -0.072913 25.1077
0.641083 -0.498203 0.352 0.35 64.57 0.297116 -0.071797 24.3419
0.658677 -0.50005 0.352 0.35 64.55 0.289427 -0.06995 23.6704
0.673828 -0.497412 0.353 0.35 64.42 0.276975 -0.072588 18.8248
0.707152 -0.503855 0.353 0.35 64.39 0.293786 -0.066145 27.552
0.722217 -0.503352 0.352 0.35 64.47 0.275289 -0.066648 22.3764
0.739842 -0.502712 0.353 0.35 64.34 0.26223 -0.067288 18.7493
0.755956 -0.504891 0.354 0.35 64.2 0.268651 -0.065109 22.0203
0.787947 -0.505902 0.353 0.35 64.27 0.232456 -0.064098 13.4093
0.803544 -0.505713 0.353 0.35 64.24 0.246466 -0.064287 16.8334
0.818863 -0.507022 0.354 0.35 64.1 0.243814 -0.062978 17.1959
0.850312 -0.506787 0.352 0.35 64.28 0.241375 -0.063213 16.1642
0.867316 -0.507441 0.35 0.35 64.48 0.224476 -0.062559 12.0821
0.884302 -0.507054 0.35 0.35 64.48 0.233094 -0.062946 13.9976
0.901215 -0.506513 0.356 0.35 63.82 0.217547 -0.063487 10.4234
0.934493 -0.505614 0.351 0.35 64.31 0.220642 -0.064386 9.95496
0.951152 -0.50797 0.353 0.35 64.08 0.207764 -0.06203 8.58318
0.96511 -0.507456 0.354 0.35 63.94 0.212937 -0.062544 9.66087
0.979445 -0.507776 0.352 0.35 64.12 0.203954 -0.062224 7.35766
0.996496 -0.50795 0.348 0.35 64.54 0.196968 -0.06205 5.20756
1.03169 -0.507304 0.348 0.35 64.56 0.205012 -0.062696 6.79268
1.04771 -0.507455 0.35 0.35 64.36 0.192785 -0.062545 4.04853
1.06377 -0.508379 0.352 0.35 64.14 0.189304 -0.061621 4.06098
1.09531 -0.51212 0.353 0.35 64.01 0.184472 -0.05788 5.5717
1.11019 -0.512223 0.355 0.35 63.76 0.185827 -0.057777 6.21552
1.12563 -0.511705 0.354 0.35 63.82 0.182562 -0.058295 4.91147
1.14317 -0.512297 0.348 0.35 64.44 0.180411 -0.057703 4.08456
1.17722 -0.512037 0.349 0.35 64.35 0.175971 -0.057963 2.89096
1.1927 -0.513503 0.351 0.35 64.14 0.174839 -0.056497 3.8699
1.20816 -0.514138 0.351 0.35 64.13 0.174485 -0.055862 4.22774
Acheived waypoint: 1
1.22434 -0.513399 0.35 0.35 64.23 1.74323 -0.235656 100
1.24009 -0.512881 0.351 0.35 64.12 1.73946 -0.219913 100
1.27135 -0.513342 0.352 0.35 64 1.73613 -0.188654 100
1.28934 -0.512504 0.349 0.35 64.31 1.73425 -0.17066 100
1.30696 -0.511084 0.348 0.35 64.43 1.73088 -0.15304 100
1.32407 -0.510554 0.352 0.35 64.01 1.72651 -0.135925 100
1.35466 -0.50761 0.353 0.35 63.88 1.71523 -0.105341 100
1.36876 -0.50387 0.353 0.35 63.85 1.70561 -0.091243 100
1.38269 -0.499773 0.35 0.35 64.15 1.69243 -0.077314 100
1.39718 -0.494913 0.347 0.35 64.48 1.68234 -0.0628181 100
1.42695 -0.481085 0.341 0.35 65.17 1.64945 -0.033046 100
1.4422 -0.474788 0.339 0.35 65.48 1.6347 -0.017805 100
1.45729 -0.469234 0.345 0.35 64.93 1.62036 -0.00271106 100
1.47106 -0.462711 0.343 0.35 65.2 1.60352 0.0110559 100
1.49696 -0.447095 0.344 0.35 65.16 1.5685 0.0369639 100
1.51007 -0.43919 0.345 0.35 65.11 1.55676 0.0500749 100
1.52261 -0.430662 0.345 0.35 65.16 1.54321 0.062611 100
1.53536 -0.423054 0.343 0.35 65.43 1.52434 0.0753649 100
1.56221 -0.407595 0.341 0.35 65.72 1.4961 0.102212 100
1.57585 -0.398925 0.34 0.35 65.92 1.48125 0.115845 100
1.58875 -0.390189 0.341 0.35 65.91 1.4667 0.12875 100
1.60137 -0.381242 0.343 0.35 65.78 1.45451 0.141369 100
1.62581 -0.36001 0.344 0.35 65.74 1.42266 0.165813 100
1.63795 -0.348127 0.347 0.35 65.47 1.40194 0.177948 100
1.65113 -0.336955 0.347 0.35 65.5 1.38465 0.191134 100
1.66478 -0.326663 0.348 0.35 65.42 1.36614 0.204782 100
1.68842 -0.306521 0.35 0.35 65.22 1.33367 0.228416 100
1.69988 -0.296566 0.349 0.35 65.33 1.31993 0.239881 100
1.71191 -0.286287 0.348 0.35 65.45 1.3084 0.251908 100
1.7229 -0.274601 0.348 0.35 65.47 1.2966 0.262897 100
1.74564 -0.252377 0.347 0.35 65.6 1.26399 0.285641 100
1.75791 -0.241273 0.345 0.35 65.85 1.24706 0.297914 100
1.7691 -0.229314 0.351 0.35 65.24 1.22944 0.309102 100
1.7788 -0.216156 0.347 0.35 65.67 1.21271 0.318803 100
1.7976 -0.190137 0.348 0.35 65.59 1.18259 0.337595 100
1.80722 -0.176888 0.348 0.35 65.61 1.17024 0.347222 100
1.81678 -0.164979 0.348 0.35 65.63 1.14686 0.35678 100
1.82625 -0.15364 0.348 0.35 65.65 1.13485 0.366247 100
1.84498 -0.129499 0.345 0.35 66 1.10984 0.384976 100
1.85388 -0.116296 0.344 0.35 66.16 1.09113 0.393881 100
1.8625 -0.102096 0.344 0.35 66.22 1.07542 0.402499 100
1.87055 -0.087531 0.346 0.35 66.06 1.05731 0.410548 100
1.88543 -0.056982 0.347 0.35 65.99 1.0298 0.425427 100
1.89353 -0.042363 0.352 0.35 65.47 1.01257 0.433534 100
1.90141 -0.028965 0.352 0.35 65.45 0.986199 0.441411 100
1.9082 -0.015219 0.351 0.35 65.54 0.95865 0.448196 100
1.92407 0.012053 0.349 0.35 65.75 0.943194 0.464069 100
1.93062 0.027038 0.347 0.35 65.98 0.918966 0.470623 100
1.93678 0.042268 0.347 0.35 66.01 0.90496 0.476785 100
1.94344 0.057015 0.347 0.35 66.04 0.898007 0.483438 100
1.95691 0.086068 0.348 0.35 65.96 0.854327 0.49691 100
1.96192 0.100054 0.351 0.35 65.65 0.84981 0.501918 100
1.96513 0.115332 0.357 0.35 64.98 0.820204 0.505127 100
1.97052 0.129731 0.349 0.35 65.79 0.810275 0.510515 100
1.97764 0.161466 0.349 0.35 65.8 0.768786 0.517637 100
1.98293 0.175956 0.348 0.35 65.92 0.763068 0.522928 100
1.98723 0.190686 0.347 0.35 66.05 0.738423 0.527226 100
1.99151 0.205617 0.347 0.35 66.08 0.728804 0.531506 100
1.9979 0.23543 0.354 0.35 65.34 0.696325 0.537901 100
2.00184 0.251327 0.344 0.35 66.4 0.682031 0.54184 100
2.00522 0.268739 0.343 0.35 66.57 0.666391 0.545223 100
2.0071 0.286254 0.346 0.35 66.31 0.667563 0.547095 100
2.00878 0.321507 0.349 0.35 66.02 0.609678 0.548778 100
2.01171 0.336688 0.352 0.35 65.7 0.612374 0.551715 100
2.01162 0.349684 0.354 0.35 65.46 0.579586 0.551622 100
1000 1000 0.354 0.35 65.42 2.96707 998.54 100
1000 1000 0.352 0.35 65.6 2.96707 998.54 100
2.01604 0.411494 0.35 0.35 65.8 0.522995 0.556037 100
1000 1000 0.349 0.35 65.91 2.96707 998.54 100
2.01905 0.452281 0.349 0.35 65.92 0.475783 0.55905 100
2.01835 0.466979 0.35 0.35 65.82 0.460149 0.558351 100
1000 1000 0.35 0.35 65.82 2.96707 998.54 100
1000 1000 0.35 0.35 65.82 2.96707 998.54 100
2.00909 0.527234 0.349 0.35 65.93 0.412052 0.549086 100
2.00708 0.542125 0.347 0.35 66.16 0.384652 0.547084 100
2.00629 0.557468 0.345 0.35 66.41 0.364463 0.546288 100
2.00286 0.588742 0.345 0.35 66.46 0.336928 0.542862 100
2.00021 0.604507 0.346 0.35 66.4 0.314112 0.540211 100
1.99764 0.620289 0.346 0.35 66.44 0.308112 0.537641 100
1.99284 0.636345 0.351 0.35 65.93 0.288538 0.532844 100
1.98206 0.668128 0.351 0.35 65.92 0.247526 0.522058 100
1.97803 0.684823 0.353 0.35 65.69 0.227195 0.518034 100
1.97387 0.700844 0.353 0.35 65.66 0.208467 0.513867 100
1.9697 0.715984 0.353 0.35 65.63 0.191346 0.509705 100
1.96216 0.746963 0.352 0.35 65.71 0.180347 0.502156 100
1.95743 0.762153 0.351 0.35 65.8 0.168741 0.497428 100
1.95122 0.777167 0.351 0.35 65.79 0.150806 0.491223 100
1.94534 0.791952 0.351 0.35 65.78 0.130336 0.485339 100
1.936 0.823371 0.349 0.35 65.99 0.0944781 0.476003 100
1.92853 0.837613 0.351 0.35 65.78 0.0729632 0.468531 100
1000 1000 0.352 0.35 65.66 2.96707 998.54 100
1000 1000 0.352 0.35 65.64 2.96707 998.54 100
1.90389 0.887827 0.352 0.35 65.62 0.0431797 0.443889 100
1.89514 0.900292 0.351 0.35 65.71 0.00256057 0.435136 100
1.88294 0.927629 0.349 0.35 65.92 0.0298882 0.422936 100
1.87546 0.94141 0.351 0.35 65.71 0.0434165 0.415456 100
1.86736 0.95523 0.351 0.35 65.7 0.0613069 0.407361 100
1.85995 0.969534 0.354 0.35 65.36 0.0437394 0.399954 100
1.83698 0.995401 0.354 0.35 65.32 0.111219 0.376984 100
1.82827 1.00933 0.349 0.35 65.83 0.0961497 0.368273 100
1.81862 1.02289 0.351 0.35 65.62 0.114422 0.358625 100
1.80945 1.03515 0.353 0.35 65.39 0.130221 0.349447 100
1.79204 1.06076 0.35 0.35 65.69 0.160576 0.332039 100
1.78263 1.07409 0.347 0.35 66.02 0.172686 0.322633 100
1.77264 1.08675 0.347 0.35 66.05 0.187917 0.312637 100
1.76137 1.09868 0.347 0.35 66.08 0.20032 0.301367 100
1.74064 1.124 0.347 0.35 66.11 0.235008 0.280638 100
1.73064 1.13595 0.351 0.35 65.7 0.250886 0.270637 100
1.71903 1.14616 0.352 0.35 65.58 0.266425 0.259033 100
1.70685 1.15636 0.351 0.35 65.67 0.285998 0.246846 100
1.68264 1.17841 0.351 0.35 65.66 0.31625 0.222645 100
1.6702 1.18844 0.35 0.35 65.76 0.334888 0.210204 100
1.65887 1.19905 0.35 0.35 65.76 0.351472 0.19887 100
Acheived waypoint: 2
1.6479 1.21009 0.349 0.35 65.87 1.20563 -0.239909 100
1.62484 1.22985 0.349 0.35 65.88 1.1817 -0.220146 100
1.61279 1.23931 0.349 0.35 65.89 1.16487 -0.210693 100
1.59911 1.24881 0.348 0.35 66.01 1.1497 -0.201195 100
1.58407 1.25759 0.349 0.35 65.92 1.13126 -0.192415 100
1.55434 1.27515 0.349 0.35 65.93 1.09075 -0.17485 100
1.5407 1.28466 0.352 0.35 65.61 1.07179 -0.165341 100
1.52731 1.2934 0.352 0.35 65.59 1.05523 -0.156598 100
1.51471 1.30187 0.351 0.35 65.68 1.04074 -0.148126 100
1.48928 1.31832 0.351 0.35 65.67 1.01342 -0.13168 100
1.47549 1.32667 0.347 0.35 66.1 1.00123 -0.123329 100
1.46003 1.33386 0.347 0.35 66.13 0.98477 -0.116143 100
1.4452 1.34157 0.35 0.35 65.83 0.963511 -0.108428 100
1.41912 1.3558 0.35 0.35 65.83 0.935305 -0.0942 100
1.4045 1.3603 0.351 0.35 65.72 0.912177 -0.0896951 100
1.38993 1.36567 0.351 0.35 65.71 0.898283 -0.0843281 100
1.37574 1.37239 0.355 0.35 65.26 0.891698 -0.077608 100
1.34681 1.38203 0.355 0.35 65.21 0.862559 -0.06797 100
1.3329 1.38854 0.345 0.35 66.26 0.834932 -0.06146 100
1.31872 1.39449 0.345 0.35 66.31 0.821781 -0.0555071 100
1.3042 1.40012 0.345 0.35 66.36 0.809538 -0.04988 100
1.27375 1.40939 0.345 0.35 66.41 0.776308 -0.0406131 100
1.25767 1.41191 0.35 0.35 65.91 0.768704 -0.038094 100
1.24143 1.41412 0.35 0.35 65.91 0.74771 -0.035879 100
1.22466 1.41652 0.351 0.35 65.8 0.728248 -0.0334771 100
1.1913 1.42311 0.351 0.35 65.79 0.692875 -0.026891 100
1.1759 1.42604 0.357 0.35 65.12 0.675779 -0.0239551 100
1.16129 1.42888 0.357 0.35 65.05 0.665894 -0.0211151 100
1.14579 1.43213 0.348 0.35 65.97 0.647307 -0.017874 100
1.11445 1.43685 0.348 0.35 65.99 0.6206 -0.013154 100
1.09817 1.43784 0.347 0.35 66.12 0.604614 -0.012158 100
1.08211 1.4401 0.347 0.35 66.15 0.58583 -0.00989699 100
1.06565 1.44258 0.349 0.35 65.96 0.57505 -0.00742209 100
1.03361 1.44133 0.349 0.35 65.97 0.536117 -0.00866604 100
1.01789 1.4413 0.35 0.35 65.87 0.523278 -0.00870299 100
1.00241 1.44146 0.35 0.35 65.87 0.507323 -0.0085361 100
0.98693 1.44056 0.355 0.35 65.32 0.492342 -0.00944102 100
0.956877 1.44017 0.355 0.35 65.27 0.458452 -0.00983202 100
0.941077 1.44118 0.345 0.35 66.32 0.439993 -0.008816 100
0.924904 1.44083 0.345 0.35 66.37 0.425238 -0.00917208 100
0.908878 1.43911 0.346 0.35 66.31 0.414717 -0.010892 97.2709
0.875874 1.43334 0.346 0.35 66.35 0.373735 -0.0166581 82.6466
0.859433 1.42851 0.348 0.35 66.17 0.360475 -0.021487 75.8398
0.843032 1.42523 0.348 0.35 66.19 0.344383 -0.0247711 69.371
0.827001 1.42274 0.35 0.35 65.99 0.326438 -0.0272601 63.1242
0.796452 1.41769 0.35 0.35 65.99 0.291523 -0.032312 50.6253
0.779959 1.41555 0.347 0.35 66.32 0.275395 -0.0344541 44.7786
0.763704 1.4118 0.347 0.35 66.35 0.25927 -0.038197 37.978
0.747731 1.40819 0.35 0.35 66.05 0.251948 -0.0418121 33.7687
0.714425 1.40398 0.35 0.35 66.05 0.22205 -0.0460241 23.1732
0.699017 1.4049 0.357 0.35 65.28 0.216092 -0.0451031 22.9489
0.683438 1.40377 0.357 0.35 65.21 0.200944 -0.046231 18.3151
0.668326 1.40061 0.356 0.35 65.25 0.200379 -0.049391 15.8682
0.634799 1.39874 0.356 0.35 65.19 0.179459 -0.0512581 9.25346
0.618126 1.39696 0.362 0.35 64.47 0.177296 -0.0530361 8.07663
0.601188 1.39595 0.362 0.35 64.35 0.184945 -0.054054 9.31959
0.58483 1.39579 0.356 0.35 64.89 0.182329 -0.054213 7.92036
0.553687 1.39456 0.356 0.35 64.83 0.167993 -0.055439 3.42799
0.537612 1.39365 0.357 0.35 64.66 0.1643 -0.05635 1.96669
0.520422 1.39409 0.357 0.35 64.59 0.146055 -0.0559131 -2.36102
0.503154 1.39271 0.355 0.35 64.74 0.14787 -0.057291 -3.07955
0.468802 1.3905 0.355 0.35 64.69 0.167948 -0.059496 0.481317
0.451655 1.39206 0.359 0.35 64.2 0.156404 -0.057937 -0.914021
0.43645 1.39231 0.359 0.35 64.11 0.15169 -0.0576921 -1.94165
0.420857 1.39284 0.359 0.35 64.02 0.152339 -0.057163 -1.41221
0.389444 1.39412 0.359 0.35 63.93 0.141258 -0.0558821 -3.34087
0.371775 1.3943 0.352 0.35 64.61 0.145038 -0.0556971 -3.01818
0.353863 1.39378 0.352 0.35 64.59 0.152879 -0.0562191 -1.39501
0.336237 1.39409 0.355 0.35 64.24 0.163153 -0.0559061 1.7651
0.302932 1.39755 0.355 0.35 64.19 0.164149 -0.0524451 4.43577
0.286947 1.39686 0.359 0.35 63.7 0.146478 -0.0531421 -0.122626
0.271865 1.3971 0.359 0.35 63.61 0.148241 -0.052899 0.493026
0.257477 1.39694 0.353 0.35 64.18 0.158339 -0.0530621 2.31954
0.223762 1.39664 0.353 0.35 64.15 0.138917 -0.0533631 -2.82159
0.206819 1.39738 0.352 0.35 64.23 0.158382 -0.0526171 2.5381
0.190412 1.39852 0.352 0.35 64.21 0.158763 -0.0514821 3.43583
0.174426 1.3991 0.354 0.35 63.97 0.135914 -0.050904 -1.75234
0.142471 1.39794 0.354 0.35 63.93 0.151595 -0.05206 1.4162
0.126109 1.39787 0.356 0.35 63.67 0.132723 -0.052132 -3.21881
0.110106 1.39542 0.356 0.35 63.61 0.129964 -0.054581 -5.6267
0.093626 1.39352 0.358 0.35 63.33 0.148177 -0.0564771 -2.10434
0.058698 1.39601 0.358 0.35 63.25 0.123229 -0.0539931 -6.71615
0.042667 1.39613 0.354 0.35 63.61 0.1255 -0.053871 -6.47693
0.027337 1.39551 0.354 0.35 63.57 0.140112 -0.0544901 -3.20213
0.011392 1.39585 0.352 0.35 63.75 0.132879 -0.054147 -5.01296
-0.020536 1.39447 0.352 0.35 63.73 0.141992 -0.055531 -3.67447
-0.036395 1.39552 0.351 0.35 63.82 0.115748 -0.0544831 -9.70694
-0.052619 1.3976 0.351 0.35 63.81 0.116396 -0.0524031 -8.07268
-0.069387 1.39805 0.35 0.35 63.91 0.138667 -0.051952 -2.20597
-0.10234 1.3978 0.35 0.35 63.91 0.117187 -0.052199 -7.83284
-0.117834 1.39736 0.35 0.35 63.91 0.137823 -0.052639 -2.90745
-0.133886 1.39682 0.35 0.35 63.91 0.138684 -0.053176 -3.06975
-0.150334 1.39768 0.351 0.35 63.8 0.111781 -0.0523161 -9.18226
-0.181472 1.40007 0.351 0.35 63.79 0.109424 -0.049926 -8.08834
-0.197558 1.39909 0.349 0.35 64 0.135631 -0.050914 -2.34335
-0.214435 1.39859 0.349 0.35 64.01 0.133911 -0.0514101 -3.1329
-0.231255 1.39974 0.351 0.35 63.8 0.108449 -0.050264 -8.5751
-0.2641 1.39624 0.351 0.35 63.79 0.134962 -0.053763 -4.32182
-0.280895 1.39598 0.352 0.35 63.67 0.137603 -0.0540221 -3.72597
-0.296945 1.39761 0.352 0.35 63.65 0.139828 -0.0523881 -2.00955
-0.312446 1.39882 0.352 0.35 63.63 0.140956 -0.0511761 -0.867668
-0.343501 1.40018 0.352 0.35 63.61 0.138062 -0.0498171 -0.642204
-0.359419 1.40223 0.35 0.35 63.81 0.164746 -0.0477741 7.38251
-0.375783 1.40023 0.35 0.35 63.81 0.137707 -0.0497681 -0.898618
-0.391594 1.39968 0.349 0.35 63.92 0.138644 -0.050325 -1.15905
-0.423712 1.39976 0.349 0.35 63.93 0.135352 -0.0502421 -1.93549
-0.440252 1.40234 0.356 0.35 63.17 0.118602 -0.04766 -3.67597
-0.455667 1.40276 0.356 0.35 63.11 0.116219 -0.0472411 -3.98719
-0.470555 1.39859 0.352 0.35 63.49 0.132456 -0.0514131 -3.19253
-0.503924 1.39774 0.352 0.35 63.47 0.11135 -0.052263 -9.14922
-0.519889 1.39758 0.348 0.35 63.89 0.113967 -0.052423 -9.02279
-0.535307 1.39578 0.348 0.35 63.91 0.128539 -0.054219 -6.60412
-0.550766 1.39715 0.353 0.35 63.38 0.125634 -0.052847 -5.8301
-0.582827 1.39373 0.353 0.35 63.35 0.0806844 -0.0562741 -19.6452
-0.598027 1.39275 0.348 0.35 63.87 0.0744124 -0.057247 -22.495
-0.613991 1.39219 0.348 0.35 63.89 0.0696545 -0.057811 -24.103
-0.631842 1.39084 0.347 0.35 64.02 0.0740185 -0.0591561 -24.0702
-0.665975 1.3893 0.347 0.35 64.05 0.0691905 -0.060704 -26.395
-0.68212 1.38983 0.35 0.35 63.75 0.0663133 -0.0601721 -26.3814
-0.697783 1.39023 0.35 0.35 63.75 0.0601053 -0.0597711 -27.6745
-0.712927 1.39021 0.351 0.35 63.64 0.0595951 -0.059795 -27.7008
-0.742078 1.38899 0.351 0.35 63.63 0.110061 -0.061007 -15.7434
Acheived waypoint: 3
-0.757911 1.38916 0.346 0.35 64.17 1.67466 -0.242387 100
-0.775107 1.38937 0.346 0.35 64.21 1.68207 -0.22519 100
-0.791208 1.39032 0.347 0.35 64.14 1.68366 -0.209085 100
-0.822921 1.39472 0.347 0.35 64.17 1.68962 -0.177351 100
-0.83927 1.39475 0.347 0.35 64.2 1.69111 -0.161002 100
-0.855608 1.39515 0.347 0.35 64.23 1.69649 -0.144662 100
-0.871051 1.39558 0.348 0.35 64.15 1.69534 -0.129217 100
-0.901107 1.3902 0.348 0.35 64.17 1.67842 -0.0991878 100
-0.917568 1.38604 0.346 0.35 64.41 1.66887 -0.0827476 100
-0.933347 1.38192 0.346 0.35 64.45 1.65817 -0.0669892 100
-0.948493 1.37716 0.346 0.35 64.49 1.64557 -0.051867 100
-0.977608 1.36588 0.346 0.35 64.53 1.62087 -0.0228081 100
-0.990787 1.35796 0.346 0.35 64.57 1.61192 -0.00966849 100
-1.00388 1.34859 0.346 0.35 64.61 1.59453 0.00337292 100
-1.01722 1.33906 0.343 0.35 64.98 1.57625 0.0166706 100
-1.04593 1.32242 0.343 0.35 65.05 1.54282 0.0452988 100
-1.0576 1.31411 0.344 0.35 65.01 1.53455 0.0569255 100
-1.07125 1.30696 0.344 0.35 65.07 1.51153 0.0705391 100
-1.08424 1.29995 0.341 0.35 65.46 1.49805 0.0835011 100
-1.1102 1.28453 0.341 0.35 65.55 1.46475 0.109383 100
-1.1218 1.27468 0.34 0.35 65.75 1.46016 0.120927 100
-1.13391 1.26513 0.34 0.35 65.85 1.44337 0.132993 100
-1.14812 1.25732 0.342 0.35 65.73 1.42203 0.147163 100
-1.17134 1.23626 0.342 0.35 65.81 1.37107 0.170284 100
-1.18344 1.2258 0.345 0.35 65.56 1.37063 0.182325 100
-1.19565 1.21522 0.345 0.35 65.61 1.35898 0.194488 100
-1.20698 1.20452 0.346 0.35 65.55 1.34558 0.205764 100
-1.22785 1.18395 0.346 0.35 65.59 1.31057 0.226531 100
-1.23992 1.1742 0.342 0.35 66.07 1.29412 0.238555 100
-1.25217 1.1639 0.342 0.35 66.15 1.28236 0.250748 100
-1.26384 1.15254 0.343 0.35 66.12 1.26668 0.262364 100
-1.28479 1.1273 0.343 0.35 66.19 1.2448 0.283186 100
-1.29354 1.11293 0.347 0.35 65.82 1.19136 0.291866 100
-1.30394 1.09873 0.349 0.35 65.63 1.2022 0.302198 100
-1.31349 1.08456 0.352 0.35 65.31 1.17368 0.311678 100
-1.334 1.06127 0.352 0.35 65.29 1.16073 0.332069 100
-1.34352 1.04842 0.348 0.35 65.71 1.11193 0.341532 100
-1.35444 1.03621 0.347 0.35 65.84 1.14544 0.352383 100
-1.36347 1.02303 0.346 0.35 65.98 1.08177 0.361353 100
-1.38158 0.997004 0.346 0.35 66.02 1.08557 0.379334 100
-1.38936 0.982239 0.347 0.35 65.95 1.0337 0.387044 100
-1.39952 0.970552 0.349 0.35 65.76 1.05491 0.397146 100
-1.40581 0.956253 0.349 0.35 65.77 1.00289 0.403365 100
-1.4198 0.927938 0.349 0.35 65.78 0.937201 0.417206 100
-1.42725 0.913646 0.347 0.35 66.01 0.926034 0.424594 100
-1.43397 0.898839 0.347 0.35 66.04 0.905436 0.43124 100
-1.43982 0.88453 0.348 0.35 65.96 0.894671 0.437013 100
-1.45361 0.856959 0.348 0.35 65.98 0.86715 0.450665 100
-1.46035 0.843488 0.349 0.35 65.89 0.851795 0.457339 100
-1.46628 0.829366 0.349 0.35 65.9 0.836044 0.463202 100
-1.47156 0.814131 0.347 0.35 66.13 0.818898 0.468407 100
-1.48103 0.781221 0.347 0.35 66.16 0.815262 0.477715 100
-1.48398 0.762951 0.35 0.35 65.86 0.770795 0.480577 100
-1.48826 0.746951 0.35 0.35 65.86 0.750991 0.484778 100
-1.49263 0.731138 0.353 0.35 65.53 0.736397 0.489062 100
-1.50157 0.701541 0.353 0.35 65.5 0.707616 0.497855 100
-1.50662 0.687581 0.35 0.35 65.8 0.717171 0.502841 100
-1.51019 0.671786 0.348 0.35 66.02 0.681654 0.506328 100
-1.51452 0.656244 0.347 0.35 66.15 0.689198 0.510586 100
-1.52026 0.623678 0.347 0.35 66.18 0.65695 0.516163 100
-1.52248 0.608673 0.351 0.35 65.77 0.617427 0.518304 100
-1.52362 0.593769 0.351 0.35 65.76 0.600897 0.51937 100
-1.52432 0.578841 0.351 0.35 65.75 0.601769 0.519997 100
-1.52556 0.546377 0.351 0.35 65.74 0.564762 0.521079 100
-1.52626 0.530975 0.348 0.35 66.06 0.546128 0.521707 100
-1.52614 0.515605 0.348 0.35 66.08 0.530859 0.52151 100
-1.5269 0.499864 0.346 0.35 66.32 0.516022 0.522192 100
-1.5294 0.468785 0.346 0.35 66.36 0.486568 0.52454 100
-1.5297 0.452713 0.352 0.35 65.74 0.469195 0.524753 100
-1.52823 0.43672 0.352 0.35 65.72 0.456852 0.523212 100
-1.52546 0.42077 0.349 0.35 66.03 0.439056 0.52036 100
-1.51912 0.386625 0.349 0.35 66.04 0.428174 0.513854 100
-1.51785 0.370264 0.349 0.35 66.05 0.387374 0.512495 100
-1.51444 0.353926 0.349 0.35 66.06 0.391627 0.509011 100
-1.51293 0.338814 0.349 0.35 66.07 0.376078 0.507422 100
-1.51051 0.307385 0.349 0.35 66.08 0.3464 0.504846 100
-1.50795 0.291899 0.35 0.35 65.98 0.33225 0.502209 100
-1.50512 0.276369 0.349 0.35 66.09 0.317207 0.499304 100
-1.50145 0.260565 0.349 0.35 66.1 0.304026 0.495556 100
-1.49466 0.22856 0.349 0.35 66.11 0.267979 0.488607 100
-1.489 0.213347 0.358 0.35 65.13 0.248585 0.482877 100
-1.48367 0.198448 0.358 0.35 65.05 0.236023 0.477472 100
-1.47914 0.18387 0.351 0.35 65.74 0.218402 0.47287 100
-1.46891 0.155468 0.351 0.35 65.73 0.184691 0.462492 100
-1.46327 0.141225 0.348 0.35 66.05 0.16759 0.456786 100
-1.45865 0.126246 0.344 0.35 66.51 0.152306 0.452087 100
-1.45424 0.110572 0.344 0.35 66.57 0.137054 0.447601 100
-1.44208 0.080611 0.346 0.35 66.41 0.104331 0.435291 100
-1.43402 0.066303 0.347 0.35 66.34 0.0891941 0.427161 100
-1.42492 0.05166 0.349 0.35 66.15 0.0721169 0.417997 100
-1.4163 0.036575 0.353 0.35 65.72 0.055683 0.409297 100
-1.39973 0.008721 0.354 0.35 65.58 0.0119005 0.392586 100
-1.39224 -0.005315 0.36 0.35 64.88 0.00119604 0.385027 100
-1.38516 -0.020528 0.36 0.35 64.78 0.0178375 0.37788 100
-1.37774 -0.035243 0.356 0.35 65.12 0.0350102 0.370379 100
-1.36136 -0.063123 0.356 0.35 65.06 0.0639021 0.353862 100
-1.35243 -0.076742 0.35 0.35 65.66 0.0799571 0.34487 100
-1.34366 -0.089599 0.351 0.35 65.55 0.102976 0.336034 100
-1.33479 -0.101679 0.351 0.35 65.54 0.120604 0.327109 100
-1.31444 -0.124983 0.348 0.35 65.86 0.153064 0.306639 100
-1.30453 -0.137316 0.345 0.35 66.21 0.164864 0.296671 100
-1.29339 -0.149391 0.345 0.35 66.26 0.191929 0.285471 100
-1.28377 -0.161502 0.346 0.35 66.2 0.196612 0.275792 100
-1.26261 -0.183056 0.347 0.35 66.13 0.245055 0.254521 100
-1.25261 -0.194796 0.348 0.35 66.05 0.262253 0.244466 100
-1.24337 -0.207046 0.349 0.35 65.96 0.259913 0.235168 100
-1.23264 -0.218401 0.348 0.35 66.08 0.277239 0.224376 100
-1.20519 -0.240465 0.35 0.35 65.88 0.332069 0.196817 100
-1.20519 -0.240465 0.352 0.35 65.66 0.332069 0.196817 100
-1.17684 -0.262155 0.354 0.35 65.42 0.357573 0.168359 100
-1.16356 -0.272015 0.355 0.35 65.27 0.376483 0.155035 100
-1.13744 -0.291527 0.355 0.35 65.22 0.415317 0.128821 100
-1.12586 -0.301871 0.353 0.35 65.39 0.429517 0.117186 100
-1.11502 -0.312261 0.349 0.35 65.8 0.426379 0.106298 100
Acheived waypoint: 4
-1.10228 -0.322321 0.348 0.35 65.92 1.1329 -0.247679 100
-1.07384 -0.341164 0.35 0.35 65.72 1.08637 -0.228836 100
-1.06106 -0.349501 0.352 0.35 65.5 1.06577 -0.220499 100
-1.04846 -0.356761 0.352 0.35 65.48 1.05217 -0.213239 100
-1.03458 -0.363497 0.352 0.35 65.46 1.03365 -0.206503 100
-1.00622 -0.377885 0.35 0.35 65.66 1.00216 -0.192115 100
-0.992297 -0.384797 0.35 0.35 65.66 0.984895 -0.185203 100
-0.97821 -0.391708 0.349 0.35 65.77 0.968802 -0.178292 100
-0.963623 -0.398186 0.347 0.35 66 0.951892 -0.171814 100
-0.935051 -0.412597 0.347 0.35 66.03 0.91943 -0.157403 100
-0.921766 -0.42045 0.347 0.35 66.06 0.917204 -0.14955 100
-0.906325 -0.426801 0.349 0.35 65.87 0.899695 -0.143199 100
-0.889773 -0.430987 0.35 0.35 65.77 0.870794 -0.139013 100
-0.856885 -0.439429 0.35 0.35 65.77 0.829383 -0.130571 100
-0.840107 -0.443999 0.352 0.35 65.55 0.809952 -0.126001 100
-0.82416 -0.447673 0.353 0.35 65.42 0.795134 -0.122327 100
-0.808317 -0.451869 0.358 0.35 64.84 0.777286 -0.118131 100
-0.778458 -0.462715 0.35 0.35 65.64 0.749214 -0.107285 100
-0.764062 -0.468043 0.35 0.35 65.64 0.744188 -0.101957 100
-0.748602 -0.473132 0.35 0.35 65.64 0.741474 -0.096868 100
-0.732723 -0.475885 0.348 0.35 65.86 0.716151 -0.094115 100
-0.70077 -0.481947 0.349 0.35 65.77 0.6799 -0.088053 100
-0.685287 -0.483955 0.351 0.35 65.56 0.689579 -0.086045 100
-0.669529 -0.485036 0.351 0.35 65.55 0.658977 -0.084964 100
-0.653509 -0.486874 0.35 0.35 65.65 0.637629 -0.083126 100
-0.623065 -0.489496 0.351 0.35 65.54 0.606333 -0.080504 96.669
-0.608392 -0.489615 0.35 0.35 65.64 0.592172 -0.080385 92.9988
-0.592648 -0.489867 0.346 0.35 66.08 0.572545 -0.080133 87.5531
-0.575993 -0.491612 0.345 0.35 66.23 0.556733 -0.078388 84.5976
-0.542892 -0.494436 0.346 0.35 66.17 0.523521 -0.075564 78.3005
-0.52622 -0.49331 0.349 0.35 65.88 0.506316 -0.07669 73.607
-0.510082 -0.490017 0.35 0.35 65.78 0.49124 -0.079983 67.6586
-0.492857 -0.488973 0.352 0.35 65.56 0.474032 -0.081027 62.889
-0.460561 -0.487131 0.356 0.35 65.1 0.444919 -0.082869 54.8766
-0.445239 -0.48631 0.356 0.35 65.04 0.433418 -0.08369 51.4026
-0.429309 -0.487105 0.354 0.35 65.2 0.423892 -0.082895 49.2055
-0.412624 -0.488983 0.354 0.35 65.16 0.409051 -0.081017 46.7167
-0.396508 -0.490418 0.354 0.35 65.12 0.389848 -0.079582 42.8213
-0.364087 -0.490673 0.354 0.35 65.08 0.377036 -0.079327 39.7437
-0.347969 -0.491895 0.355 0.35 64.93 0.368848 -0.078105 38.6509
-0.332236 -0.492876 0.357 0.35 64.66 0.358498 -0.077124 36.9884
-0.301881 -0.492846 0.355 0.35 64.81 0.346254 -0.077154 33.5653
-0.285821 -0.491986 0.352 0.35 65.09 0.322538 -0.078014 26.5058
-0.269392 -0.493054 0.351 0.35 65.18 0.332452 -0.076946 29.6058
-0.25315 -0.493659 0.352 0.35 65.06 0.322782 -0.076341 27.7186
-0.220484 -0.494849 0.352 0.35 65.04 0.315994 -0.075151 26.8159
-0.205328 -0.494282 0.354 0.35 64.8 0.283378 -0.075718 18.4417
-0.189144 -0.497663 0.354 0.35 64.76 0.301997 -0.072337 25.4899
-0.174142 -0.498342 0.353 0.35 64.83 0.280644 -0.071658 20.3981
-0.139587 -0.499087 0.353 0.35 64.8 0.295339 -0.070913 24.6423
-0.12157 -0.498214 0.354 0.35 64.66 0.280205 -0.071786 20.3381
-0.104644 -0.499079 0.356 0.35 64.4 0.275704 -0.070921 20.0665
-0.088182 -0.499826 0.357 0.35 64.23 0.278693 -0.070174 21.4725
-0.057425 -0.500201 0.359 0.35 63.94 0.251526 -0.069799 15.1004
-0.041914 -0.503026 0.358 0.35 63.96 0.262068 -0.066974 19.5755
-0.027431 -0.503033 0.351 0.35 64.65 0.243157 -0.066967 13.8665
-0.009441 -0.504961 0.35 0.35 64.75 0.252025 -0.065039 17.3338
0.025005 -0.504779 0.352 0.35 64.53 0.228393 -0.065221 11.4679
0.041861 -0.506379 0.353 0.35 64.4 0.225479 -0.063621 11.9706
0.058388 -0.507878 0.356 0.35 64.04 0.236537 -0.062122 16.1869
0.072305 -0.505574 0.363 0.35 63.21 0.222335 -0.064426 11.8483
0.101927 -0.506368 0.356 0.35 63.85 0.216839 -0.063632 10.1434
0.117349 -0.506877 0.353 0.35 64.12 0.214044 -0.063123 9.41514
0.135669 -0.508537 0.349 0.35 64.53 0.220717 -0.061463 11.7749
0.151413 -0.506798 0.35 0.35 64.43 0.210007 -0.063202 7.95813
0.183579 -0.509176 0.352 0.35 64.21 0.219956 -0.060824 12.3986
0.198748 -0.510031 0.352 0.35 64.19 0.20305 -0.059969 8.70653
0.215086 -0.510309 0.352 0.35 64.17 0.196344 -0.059691 7.19943
0.231897 -0.509708 0.354 0.35 63.93 0.215027 -0.060292 11.7587
0.264385 -0.508026 0.35 0.35 64.33 0.188877 -0.061974 3.4582
0.282025 -0.508458 0.35 0.35 64.33 0.191225 -0.061542 4.35798
0.298919 -0.508267 0.351 0.35 64.22 0.187692 -0.061733 3.45061
0.315526 -0.509324 0.353 0.35 63.99 0.200994 -0.060676 7.80972
0.346369 -0.510786 0.353 0.35 63.96 0.191829 -0.059214 6.50535
0.362624 -0.509462 0.353 0.35 63.93 0.166188 -0.060538 -0.927856
0.377925 -0.510139 0.352 0.35 64.01 0.170886 -0.059861 0.618761
0.394232 -0.512257 0.351 0.35 64.1 0.204855 -0.057743 10.6105
0.428435 -0.513562 0.35 0.35 64.2 0.172189 -0.056438 3.12523
0.444908 -0.513848 0.351 0.35 64.09 0.155808 -0.056152 -0.717035
0.461009 -0.514294 0.352 0.35 63.97 0.152637 -0.055706 -1.09568
0.476198 -0.513762 0.351 0.35 64.06 0.16869 -0.056238 2.49196
0.507771 -0.514366 0.351 0.35 64.05 0.151005 -0.055634 -1.57088
0.52299 -0.512675 0.351 0.35 64.04 0.160842 -0.057325 -0.265955
0.538456 -0.511915 0.346 0.35 64.58 0.157363 -0.058085 -2.27462
0.555907 -0.512681 0.346 0.35 64.62 0.136901 -0.057319 -6.92138
0.590111 -0.513609 0.349 0.35 64.33 0.159937 -0.056391 -0.0654169
0.606495 -0.513077 0.351 0.35 64.12 0.154579 -0.056923 -1.57225
0.622507 -0.512186 0.353 0.35 63.89 0.135042 -0.057814 -6.92789
0.638093 -0.512108 0.354 0.35 63.75 0.12553 -0.057892 -9.28208
0.669048 -0.510056 0.353 0.35 63.82 0.157281 -0.059944 -2.77337
0.685853 -0.512736 0.353 0.35 63.79 0.143075 -0.057264 -4.50389
0.701181 -0.5142 0.35 0.35 64.09 0.120208 -0.0558 -9.61668
0.71739 -0.514942 0.349 0.35 64.2 0.161493 -0.055058 1.27496
0.749392 -0.515181 0.349 0.35 64.21 0.153293 -0.054819 -0.636568
0.766101 -0.517125 0.349 0.35 64.22 0.156563 -0.052875 1.5742
0.781641 -0.516915 0.35 0.35 64.12 0.155989 -0.053085 1.38714
0.797989 -0.519226 0.351 0.35 64.01 0.164254 -0.050774 5.22732
0.828151 -0.519168 0.349 0.35 64.22 0.153367 -0.050832 2.2166
0.84608 -0.520123 0.348 0.35 64.34 0.171403 -0.049877 7.37244
0.862046 -0.520725 0.348 0.35 64.36 0.170858 -0.049275 7.66446
0.876796 -0.520378 0.349 0.35 64.27 0.151644 -0.049622 2.64142
0.909293 -0.518849 0.349 0.35 64.28 0.15677 -0.051151 2.85318
0.926191 -0.519464 0.349 0.35 64.29 0.151813 -0.050536 2.03319
0.941068 -0.52011 0.352 0.35 63.97 0.139932 -0.04989 -0.218979
0.956765 -0.519899 0.35 0.35 64.17 0.132354 -0.050101 -2.49383
0.991525 -0.516818 0.348 0.35 64.39 0.144486 -0.053182 -1.81789
1.00889 -0.515099 0.348 0.35 64.41 0.126821 -0.054901 -7.52561
1.02538 -0.514163 0.351 0.35 64.1 0.128625 -0.055837 -7.39413
1.04204 -0.514096 0.353 0.35 63.87 0.144365 -0.055904 -3.22311
1.0724 -0.514947 0.355 0.35 63.62 0.129788 -0.055053 -6.10786
1.08751 -0.515895 0.36 0.35 63.02 0.126035 -0.054105 -5.87316
1.10326 -0.516649 0.348 0.35 64.24 0.126289 -0.053351 -6.55691
1.12129 -0.518493 0.348 0.35 64.26 0.0965141 -0.051507 -12.7989
1.15486 -0.51722 0.351 0.35 63.95 0.127796 -0.05278 -5.44569
1.17154 -0.518958 0.352 0.35 63.83 0.128629 -0.051042 -3.90188
1.18796 -0.520799 0.354 0.35 63.59 0.131756 -0.049201 -1.61054
1.20379 -0.519515 0.354 0.35 63.55 0.131306 -0.050485 -2.62731
Acheived waypoint: 1
1.23571 -0.519157 0.353 0.35 63.62 1.69996 -0.224289 100
1.25157 -0.519428 0.351 0.35 63.81 1.70198 -0.20843 100
1.26835 -0.519265 0.349 0.35 64.02 1.69937 -0.191651 100
1.28522 -0.518729 0.355 0.35 63.37 1.7002 -0.174778 100
1.31723 -0.519533 0.35 0.35 63.87 1.69444 -0.14277 100
1.33288 -0.519271 0.35 0.35 63.87 1.69079 -0.127124 100
1.34897 -0.518636 0.351 0.35 63.76 1.68992 -0.111029 100
1.36459 -0.51596 0.35 0.35 63.86 1.68544 -0.095415 100
1.39603 -0.503562 0.347 0.35 64.19 1.65988 -0.063974 100
1.4128 -0.496554 0.346 0.35 64.33 1.64336 -0.0471951 100
1.42825 -0.489076 0.348 0.35 64.15 1.62694 -0.031751 100
1.44214 -0.481021 0.346 0.35 64.39 1.6111 -0.017859 100
1.46923 -0.468518 0.343 0.35 64.76 1.58095 0.00922799 100
1.48303 -0.462163 0.341 0.35 65.05 1.56576 0.023034 100
1.49638 -0.455167 0.341 0.35 65.14 1.55191 0.0363799 100
1.50964 -0.447652 0.346 0.35 64.68 1.53933 0.049644 100
1.53675 -0.4317 0.339 0.35 65.49 1.50717 0.0767549 100
1.54979 -0.422767 0.341 0.35 65.38 1.48778 0.0897909 100
1.56197 -0.412554 0.342 0.35 65.36 1.48131 0.101971 100
1.57427 -0.403291 0.343 0.35 65.33 1.45532 0.114269 100
1.5985 -0.384712 0.344 0.35 65.29 1.42367 0.138495 100
1.61014 -0.375487 0.344 0.35 65.35 1.40965 0.150142 100
1.62134 -0.365821 0.341 0.35 65.74 1.39788 0.161341 100
1.63404 -0.356342 0.34 0.35 65.94 1.38185 0.174041 100
1.66048 -0.337451 0.341 0.35 65.93 1.34967 0.200482 100
1.67223 -0.326935 0.342 0.35 65.91 1.3333 0.21223 100
1.68298 -0.314914 0.343 0.35 65.88 1.32033 0.222978 100
1.69355 -0.301659 0.349 0.35 65.29 1.30057 0.233551 100
1.71552 -0.276509 0.347 0.35 65.52 1.26599 0.255519 100
1.7252 -0.26428 0.35 0.35 65.22 1.24997 0.265196 100
1.73527 -0.252123 0.348 0.35 65.44 1.23904 0.27527 100
1.74652 -0.24116 0.347 0.35 65.57 1.2193 0.286518 100
1.76896 -0.217818 0.345 0.35 65.82 1.19951 0.308958 100
1.77898 -0.206263 0.345 0.35 65.87 1.17134 0.31898 100
1.78914 -0.193403 0.345 0.35 65.92 1.16081 0.329141 100
1.79927 -0.181112 0.347 0.35 65.75 1.14487 0.339265 100
1.8163 -0.155018 0.349 0.35 65.56 1.10982 0.3563 100
1.82411 -0.141284 0.349 0.35 65.57 1.09311 0.36411 100
1.83245 -0.127503 0.348 0.35 65.69 1.07416 0.372451 100
1.84056 -0.113613 0.348 0.35 65.71 1.0576 0.380562 100
1.85668 -0.086862 0.356 0.35 64.85 1.01982 0.396675 100
1.8638 -0.073244 0.347 0.35 65.78 1.006 0.403802 100
1.87155 -0.06019 0.345 0.35 66.03 0.994009 0.411552 100
1.8795 -0.046479 0.345 0.35 66.08 0.968762 0.419496 100
1.89442 -0.018808 0.345 0.35 66.13 0.94702 0.434419 100
1.9003 -0.002644 0.344 0.35 66.29 0.930127 0.440297 100
1.9056 0.013855 0.346 0.35 66.13 0.911689 0.445603 100
1.91061 0.03081 0.348 0.35 65.95 0.883096 0.450606 100
1.92047 0.062288 0.351 0.35 65.64 0.845608 0.460469 100
1.9258 0.077299 0.353 0.35 65.41 0.83333 0.465804 100
1.93176 0.091291 0.352 0.35 65.49 0.829177 0.471762 100
1.93728 0.105516 0.349 0.35 65.8 0.80021 0.477279 100
1.94859 0.1356 0.347 0.35 66.03 0.781437 0.48859 100
1.95313 0.151832 0.347 0.35 66.06 0.74935 0.493127 100
1.95766 0.167766 0.348 0.35 65.98 0.736938 0.497663 100
1.95997 0.182852 0.35 0.35 65.78 0.723448 0.499972 100
1.96577 0.212736 0.351 0.35 65.67 0.704861 0.505773 100
1.96702 0.228215 0.351 0.35 65.66 0.669823 0.507019 100
1.96905 0.24316 0.348 0.35 65.98 0.655519 0.509048 100
1.97198 0.258046 0.344 0.35 66.44 0.642697 0.511979 100
1.97793 0.290277 0.343 0.35 66.61 0.616795 0.517932 100
1.9805 0.305744 0.343 0.35 66.68 0.611979 0.520497 100
1.98121 0.320333 0.344 0.35 66.64 0.595574 0.521208 100
1.98364 0.335882 0.346 0.35 66.48 0.582458 0.523637 100
1.98308 0.368076 0.348 0.35 66.3 0.552807 0.523078 100
1.98082 0.383831 0.349 0.35 66.21 0.516772 0.520821 100
1.98042 0.40023 0.351 0.35 66 0.498187 0.520423 100
1.97918 0.417076 0.357 0.35 65.33 0.484332 0.519185 100
1000 1000 0.352 0.35 65.81 2.96707 998.54 100
1000 1000 0.351 0.35 65.9 2.96707 998.54 100
1000 1000 0.35 0.35 66 2.96707 998.54 100
1.97428 0.504405 0.35 0.35 66 0.392162 0.514279 100
1.9756 0.520904 0.348 0.35 66.22 0.371906 0.515599 100
1.97452 0.536654 0.348 0.35 66.24 0.353651 0.514522 100
1.96714 0.56871 0.35 0.35 66.04 0.313282 0.507137 100
1.96374 0.584171 0.351 0.35 65.93 0.296821 0.503739 100
1.9578 0.597852 0.351 0.35 65.92 0.289369 0.4978 100
1.9538 0.612609 0.356 0.35 65.36 0.268243 0.493796 100
1.94699 0.641836 0.348 0.35 66.18 0.23846 0.486986 100
1.94282 0.656768 0.346 0.35 66.42 0.224431 0.482823 100
1.93859 0.672749 0.343 0.35 66.79 0.213091 0.478587 100
1.93482 0.688998 0.35 0.35 66.09 0.194678 0.474822 100
1.92544 0.721035 0.346 0.35 66.53 0.173908 0.465444 100
1.91813 0.736219 0.348 0.35 66.35 0.154932 0.458127 100
1.91077 0.751538 0.35 0.35 66.15 0.128233 0.45077 100
1.90384 0.767234 0.358 0.35 65.27 0.112266 0.44384 100
1.88921 0.795401 0.355 0.35 65.52 0.0754664 0.429212 100
1.88295 0.81007 0.354 0.35 65.58 0.0607528 0.422953 100
1.877 0.825565 0.353 0.35 65.65 0.0443526 0.417004 100
1.8711 0.84059 0.352 0.35 65.73 0.0288303 0.411104 100
1.8574 0.869556 0.351 0.35 65.82 0.00395176 0.397404 100
1.85032 0.884182 0.351 0.35 65.81 0.0217221 0.390316 100
1.84258 0.898261 0.354 0.35 65.47 0.0373565 0.382584 100
1.83321 0.910848 0.354 0.35 65.43 0.0541464 0.373209 100
1.83321 0.910848 0.354 0.35 65.39 0.0541464 0.373209 100
1.83321 0.910848 0.354 0.35 65.35 0.0541464 0.373209 100
1.83321 0.910848 0.354 0.35 65.31 0.0541464 0.373209 100
1.83321 0.910848 0.354 0.35 65.27 0.0541464 0.373209 100
