-1.01,-0.57
1.46,-0.57
1.46,1.45
x       y       velocity      desired_vel     vel_output      heading    crosstrack_error   steer_angle
-0.951105 0.230348 0 0.3 -nan 0.54055 -0.800348 -100
-0.951101 0.230319 0.000587173 0.3 -nan 0.54081 -0.800319 -100
-0.951116 0.230336 0.000453721 0.3 -nan 0.541127 -0.800336 -100
-0.951136 0.23021 0.00254895 0.3 -nan 0.540916 -0.80021 -100
-0.944245 0.227171 0.15071 0.3 -nan 0.536401 -0.797171 -100
-0.938974 0.224653 0.116795 0.3 -nan 0.514204 -0.794653 -100
-0.933193 0.220104 0.147252 0.3 -nan 0.528974 -0.790104 -100
-0.927492 0.215679 0.144425 0.3 -nan 0.527165 -0.785679 -100
-0.915329 0.20666 0.301472 0.3 -nan 0.537687 -0.77666 -100
-0.908806 0.200393 0.181633 0.3 -nan 0.563987 -0.770393 -100
-0.902993 0.194484 0.165845 0.3 -nan 0.569104 -0.764484 -100
-0.896361 0.18924 0.168979 0.3 -nan 0.567681 -0.75924 -100
1000 1000 28315 0.3 -nan 1.39628 -1000.57 100
-0.881116 0.173332 28276 0.3 -nan 0.576207 -0.743332 100
-0.876504 0.16923 0.123195 0.3 -nan 0.595446 -0.73923 -100
-0.865874 0.158661 0.300531 0.3 -nan 0.603274 -0.728661 -100
-0.860276 0.152062 0.17312 0.3 -nan 0.601486 -0.722062 -100
-0.855438 0.145808 0.158131 0.3 -nan 0.611665 -0.715808 -100
-0.843895 0.136167 0.30086 0.3 -nan 0.617159 -0.706167 -100
-0.838418 0.129268 0.176266 0.3 -nan 0.630483 -0.699268 -100
-0.833358 0.123779 0.149305 0.3 -nan 0.639 -0.693779 -100
-0.827818 0.117165 0.172453 0.3 -nan 0.643951 -0.687165 -100
-0.816815 0.106221 0.310332 0.3 -nan 0.65822 -0.676221 -100
-0.811555 0.100384 0.157227 0.3 -nan 0.65869 -0.670384 -100
-0.805504 0.095003 0.162023 0.3 -nan 0.669194 -0.665003 -100
-0.799215 0.088572 0.179763 0.3 -nan 0.662494 -0.658572 -100
-0.788454 0.073821 0.365291 0.3 -nan 0.682112 -0.643821 -94.5674
-0.782263 0.068148 0.167923 0.3 -nan 0.671699 -0.638148 -100
-0.777169 0.062813 0.147577 0.3 -nan 0.686045 -0.632813 -100
-0.772235 0.056245 0.164325 0.3 -nan 0.692348 -0.626245 -100
-0.763284 0.046068 0.271236 0.3 -nan 0.700613 -0.616068 -100
-0.758331 0.0407 0.146052 0.3 -nan 0.704567 -0.6107 -100
-0.753477 0.035025 0.149401 0.3 -nan 0.711546 -0.605025 -100
-0.748478 0.028827 0.159266 0.3 -nan 0.721084 -0.598827 -100
-0.737861 0.016152 0.330366 0.3 -nan 0.727337 -0.586152 -83.8122
-0.732861 0.010113 0.156964 0.3 -nan 0.736878 -0.580113 -100
-0.727989 0.003483 0.164558 0.3 -nan 0.740459 -0.573483 -100
-0.723752 -0.0026 0.148202 0.3 -nan 0.749243 -0.5674 -100
-0.714106 -0.015 0.314091 0.3 -nan 0.758909 -0.555 -75.3543
-0.708603 -0.021445 0.169632 0.3 -nan 0.764943 -0.548555 -100
-0.703445 -0.028245 0.17076 0.3 -nan 0.768886 -0.541755 -100
-0.698624 -0.03462 0.159808 0.3 -nan 0.772583 -0.53538 -100
-0.690058 -0.047422 0.308315 0.3 -nan 0.7836 -0.522578 -64.5106
-0.686632 -0.054227 0.152346 0.3 -nan 0.786604 -0.515773 -100
-0.682936 -0.060198 0.140456 0.3 -nan 0.791032 -0.509802 -100
-0.67845 -0.066087 0.148012 0.3 -nan 0.795777 -0.503913 -100
-0.669909 -0.07921 0.309602 0.3 -nan 0.804564 -0.49079 -51.6385
-0.665239 -0.086362 0.172886 0.3 -nan 0.813124 -0.483638 -100
-0.66034 -0.093914 0.180069 0.3 -nan 0.819518 -0.476086 -98.9039
-0.65503 -0.100301 0.166115 0.3 -nan 0.827003 -0.469699 -100
-0.644983 -0.111853 0.30648 0.3 -nan 0.825903 -0.458147 -39.4183
-0.640873 -0.117883 0.146055 0.3 -nan 0.838193 -0.452117 -100
-0.637437 -0.125652 0.169785 0.3 -nan 0.844981 -0.444348 -91.5826
-0.633449 -0.132725 0.162359 0.3 -nan 0.852101 -0.437275 -92.1762
-0.622875 -0.144165 0.311903 0.3 -nan 0.848577 -0.425835 -22.8541
-0.618782 -0.150337 0.147976 0.3 -nan 0.852059 -0.419663 -96.381
-0.615391 -0.157469 0.157938 0.3 -nan 0.860921 -0.412531 -87.3701
-0.61106 -0.164809 0.170631 0.3 -nan 0.869884 -0.405191 -76.7358
-0.601671 -0.179953 0.356606 0.3 -nan 0.885507 -0.390047 14.0487
-0.596717 -0.18694 0.171097 0.3 -nan 0.890083 -0.38306 -66.1529
-0.591428 -0.193479 0.168215 0.3 -nan 0.8907 -0.376521 -65.9744
-0.58572 -0.199325 0.163386 0.3 -nan 0.891855 -0.370675 -66.9494
-0.574446 -0.211563 0.332986 0.3 -nan 0.892446 -0.358437 17.8312
-0.569656 -0.218418 0.167179 0.3 -nan 0.894795 -0.351582 -58.9191
-0.564767 -0.225933 0.179344 0.3 -nan 0.899082 -0.344067 -48.5316
-0.560247 -0.234038 0.185527 0.3 -nan 0.904943 -0.335962 -40.9395
-0.551366 -0.2479 0.329679 0.3 -nan 0.915464 -0.3221 35.9626
-0.54641 -0.253431 0.148459 0.3 -nan 0.91131 -0.316569 -56.0854
-0.541763 -0.258424 0.136305 0.3 -nan 0.917412 -0.311576 -61.1675
-0.536395 -0.264578 0.163504 0.3 -nan 0.916916 -0.305422 -41.2088
-0.531332 -0.271609 0.172175 0.3 -nan 0.922736 -0.298391 -31.6538
-0.521455 -0.28514 0.337294 0.3 -nan 0.9281 -0.28486 57.5587
-0.516125 -0.291513 0.166177 0.3 -nan 0.930693 -0.278487 -25.9146
-0.510956 -0.298469 0.173329 0.3 -nan 0.934908 -0.271531 -17.1964
-0.505438 -0.30566 0.180167 0.3 -nan 0.934038 -0.26434 -9.7731
-0.496649 -0.317708 0.299993 0.3 -nan 0.943137 -0.252292 61.9021
-0.490905 -0.324362 0.175869 0.3 -nan 0.945127 -0.245638 -1.09324
-0.484374 -0.330557 0.179871 0.3 -nan 0.946401 -0.239443 5.04495
-0.478741 -0.336342 0.161751 0.3 -nan 0.945205 -0.233658 -5.0966
-0.469712 -0.346369 0.26985 0.3 -nan 0.945057 -0.223631 64.2247
-0.464437 -0.352513 0.161926 0.3 -nan 0.942584 -0.217487 2.99011
-0.460665 -0.35831 0.138353 0.3 -nan 0.942663 -0.21169 -12.5015
-0.447994 -0.371241 0.36206 0.3 -nan 0.939732 -0.198759 100
-0.441683 -0.378013 0.185095 0.3 -nan 0.941264 -0.191987 34.9215
-0.435788 -0.384523 0.175723 0.3 -nan 0.939556 -0.185477 32.2744
-0.43031 -0.388217 0.132158 0.3 -nan 0.934836 -0.181783 -1.86164
-0.415367 -0.396473 0.341602 0.3 -nan 0.924426 -0.173527 100
-0.407738 -0.401148 0.178865 0.3 -nan 0.915911 -0.168852 40.4317
-0.40147 -0.404523 0.142449 0.3 -nan 0.910465 -0.165477 12.7974
-0.391567 -0.408646 0.214562 0.3 -nan 0.901636 -0.161354 65.1895
-0.374788 -0.410807 0.338157 0.3 -nan 0.874043 -0.159193 100
-0.367318 -0.415126 0.172697 0.3 -nan 0.863482 -0.154874 33.6142
-0.361844 -0.418598 0.129641 0.3 -nan 0.859799 -0.151402 -0.729277
-0.354958 -0.42333 0.167103 0.3 -nan 0.862246 -0.14667 36.009
-0.341882 -0.42995 0.29315 0.3 -nan 0.849124 -0.14005 100
-0.333858 -0.434704 0.186542 0.3 -nan 0.840987 -0.135296 54.1858
-0.326976 -0.437262 0.146877 0.3 -nan 0.836041 -0.132738 25.6766
-0.319034 -0.441692 0.181855 0.3 -nan 0.834232 -0.128308 55.7845
-0.303857 -0.44955 0.34195 0.3 -nan 0.820659 -0.12045 100
-0.29622 -0.456001 0.19984 0.3 -nan 0.820908 -0.113999 76.7762
-0.290031 -0.459944 0.146856 0.3 -nan 0.819873 -0.110056 44.8592
-0.283383 -0.463606 0.151759 0.3 -nan 0.815683 -0.106394 51.8372
-0.26763 -0.470275 0.34205 0.3 -nan 0.803825 -0.099725 100
-0.260066 -0.472954 0.160577 0.3 -nan 0.795412 -0.097046 63.9072
-0.252532 -0.477995 0.181278 0.3 -nan 0.790875 -0.092005 81.527
-0.246057 -0.479805 0.134486 0.3 -nan 0.787727 -0.090195 49.9902
-0.239029 -0.482315 0.149226 0.3 -nan 0.779853 -0.087685 63.0973
-0.224002 -0.487219 0.316335 0.3 -nan 0.771457 -0.082781 100
-0.217037 -0.490265 0.152012 0.3 -nan 0.768382 -0.079735 72.4117
-0.209414 -0.492563 0.159227 0.3 -nan 0.76122 -0.077437 78.3163
-0.193833 -0.494139 0.311196 0.3 -nan 0.741703 -0.075861 100
-0.18537 -0.498026 0.187507 0.3 -nan 0.731956 -0.071974 92.7541
-0.177656 -0.499013 0.155395 0.3 -nan 0.731935 -0.070987 77.0121
-0.169803 -0.500579 0.160312 0.3 -nan 0.722921 -0.069421 79.7624
-0.16187 -0.500605 0.158714 0.3 -nan 0.707662 -0.069395 74.9939
-0.146981 -0.504467 0.307803 0.3 -nan 0.703227 -0.065533 100
-0.139886 -0.506784 0.149221 0.3 -nan 0.697547 -0.063216 75.3372
-0.131996 -0.508263 0.160574 0.3 -nan 0.685839 -0.061737 80.9099
-0.116495 -0.512445 0.316799 0.3 -nan 0.677423 -0.057555 100
-0.108668 -0.513044 0.1591 0.3 -nan 0.664052 -0.056956 81.2887
-0.101474 -0.514794 0.148174 0.3 -nan 0.658272 -0.055206 76.5555
-0.093755 -0.518335 0.16983 0.3 -nan 0.659432 -0.051665 92.4142
-0.079241 -0.519515 0.291357 0.3 -nan 0.64008 -0.050485 100
-0.071198 -0.520986 0.163507 0.3 -nan 0.63378 -0.049014 86.9384
-0.062243 -0.522376 0.181029 0.3 -nan 0.622172 -0.047624 92.6211
-0.05336 -0.524205 0.181568 0.3 -nan 0.622751 -0.045795 95.3515
-0.035935 -0.525039 0.348981 0.3 -nan 0.607431 -0.044961 100
-0.028413 -0.524789 0.150651 0.3 -nan 0.597929 -0.045211 77.7604
-0.021108 -0.525244 0.146376 0.3 -nan 0.592448 -0.044756 75.0547
-0.01391 -0.526421 0.14579 0.3 -nan 0.585104 -0.043579 74.7819
-0.006522 -0.527079 0.148409 0.3 -nan 0.568849 -0.042921 72.9243
0.007701 -0.529657 0.289008 0.3 -nan 0.567082 -0.040343 100
0.015499 -0.530478 0.156762 0.3 -nan 0.565812 -0.039522 80.9249
0.023652 -0.530604 0.16312 0.3 -nan 0.550911 -0.039396 79.6785
0.039857 -0.530646 0.324402 0.3 -nan 0.533773 -0.039354 100
0.048084 -0.533845 0.17635 0.3 -nan 0.544404 -0.036155 86.8497
0.054829 -0.533923 0.134977 0.3 -nan 0.53264 -0.036077 68.8991
0.063095 -0.536569 0.173566 0.3 -nan 0.529307 -0.033431 86.047
0.07908 -0.53421 0.321121 0.3 -nan 0.507284 -0.03579 100
0.088711 -0.534765 0.194251 0.3 -nan 0.504396 -0.035235 82.4767
0.097797 -0.533815 0.182716 0.3 -nan 0.491995 -0.036185 75.2499
0.107625 -0.533082 0.197184 0.3 -nan 0.498464 -0.036918 79.5381
0.12458 -0.531381 0.340872 0.3 -nan 0.460839 -0.038619 88.3312
0.132453 -0.532612 0.159355 0.3 -nan 0.477355 -0.037388 62.6655
0.139273 -0.531639 0.137802 0.3 -nan 0.450271 -0.038361 45.3724
0.146354 -0.530926 0.142412 0.3 -nan 0.445952 -0.039074 45.2206
0.154018 -0.53195 0.153866 0.3 -nan 0.460518 -0.03805 55.3524
0.16988 -0.532334 0.318502 0.3 -nan 0.44344 -0.037666 82.6718
0.176085 -0.530293 0.130251 0.3 -nan 0.436002 -0.039707 35.5589
0.183283 -0.528842 0.147472 0.3 -nan 0.417161 -0.041158 36.8007
0.191771 -0.528435 0.170002 0.3 -nan 0.389573 -0.041565 38.0152
0.20823 -0.5282 0.329273 0.3 -nan 0.380288 -0.0418 64.4713
0.215482 -0.52785 0.145158 0.3 -nan 0.396678 -0.04215 28.9533
0.224418 -0.529031 0.180328 0.3 -nan 0.400503 -0.040969 44.9501
0.233647 -0.528388 0.183604 0.3 -nan 0.370206 -0.041612 37.3938
0.250244 -0.529803 0.335769 0.3 -nan 0.38181 -0.040197 66.6653
0.257437 -0.530304 0.144171 0.3 -nan 0.368002 -0.039696 25.2081
0.264972 -0.531931 0.154228 0.3 -nan 0.364696 -0.038069 31.1415
0.273772 -0.533689 0.17918 0.3 -nan 0.371411 -0.036311 43.5197
0.289592 -0.535181 0.318598 0.3 -nan 0.352549 -0.034819 61.8511
0.298578 -0.536868 0.182784 0.3 -nan 0.36474 -0.033132 47.0619
0.306164 -0.535945 0.152965 0.3 -nan 0.347537 -0.034055 32.6085
0.323847 -0.537836 0.355247 0.3 -nan 0.358354 -0.032164 68.0355
0.331227 -0.538419 0.148301 0.3 -nan 0.338432 -0.031581 32.643
0.339326 -0.539932 0.164105 0.3 -nan 0.340688 -0.030068 40.4757
0.346996 -0.53837 0.157189 0.3 -nan 0.352914 -0.03163 39.1734
0.354211 -0.535795 0.153204 0.3 -nan 0.325899 -0.034205 26.9638
0.37176 -0.537264 0.352344 0.3 -nan 0.332437 -0.032736 60.8613
0.380198 -0.536669 0.169132 0.3 -nan 0.309013 -0.033331 29.0446
0.388579 -0.536423 0.167697 0.3 -nan 0.322937 -0.033577 31.8087
0.396824 -0.535114 0.16646 0.3 -nan 0.313531 -0.034886 27.1435
0.413676 -0.53533 0.337832 0.3 -nan 0.308195 -0.03467 52.2659
0.421558 -0.535091 0.15768 0.3 -nan 0.281134 -0.034909 16.0548
0.430235 -0.535625 0.174077 0.3 -nan 0.298524 -0.034375 26.285
0.439051 -0.536173 0.175766 0.3 -nan 0.266334 -0.033827 19.3409
0.457227 -0.537532 0.365708 0.3 -nan 0.291558 -0.032468 51.5251
0.464919 -0.537158 0.154354 0.3 -nan 0.26968 -0.032842 15.2375
0.473301 -0.537622 0.167966 0.3 -nan 0.26544 -0.032378 19.0382
0.481576 -0.536314 0.167556 0.3 -nan 0.291793 -0.033686 23.704
0.498092 -0.535016 0.331488 0.3 -nan 0.249974 -0.034984 36.758
0.506921 -0.533604 0.17878 0.3 -nan 0.247635 -0.036396 11.8782
0.51632 -0.533929 0.187981 0.3 -nan 0.247527 -0.036071 14.7068
0.525368 -0.534668 0.181763 0.3 -nan 0.247727 -0.035332 14.1464
0.540583 -0.534011 0.304538 0.3 -nan 0.233102 -0.035989 29.3075
0.549401 -0.533857 0.175932 0.3 -nan 0.239248 -0.036143 9.29685
0.557133 -0.533023 0.155884 0.3 -nan 0.21755 -0.036977 -3.89694
0.566476 -0.533247 0.18707 0.3 -nan 0.251735 -0.036753 14.6546
0.582915 -0.533308 0.328565 0.3 -nan 0.248931 -0.036692 34.9539
0.590232 -0.532835 0.146797 0.3 -nan 0.231708 -0.037165 -4.12547
0.598219 -0.532555 0.159852 0.3 -nan 0.220652 -0.037445 -2.39769
0.606025 -0.530833 0.156254 0.3 -nan 0.208982 -0.039167 -9.29414
0.621161 -0.531774 0.310386 0.3 -nan 0.204133 -0.038226 20.709
0.629198 -0.533917 0.166367 0.3 -nan 0.216312 -0.036083 0.693464
0.636255 -0.531644 0.148369 0.3 -nan 0.199448 -0.038356 -13.5866
0.643858 -0.530713 0.153137 0.3 -nan 0.211356 -0.039287 -10.0954
0.662227 -0.532174 0.368212 0.3 -nan 0.200977 -0.037826 25.0272
0.670994 -0.534149 0.179921 0.3 -nan 0.210412 -0.035851 3.48432
0.679323 -0.535521 0.168899 0.3 -nan 0.201938 -0.034479 0.143285
0.688252 -0.536046 0.178881 0.3 -nan 0.205539 -0.033954 4.55784
0.704483 -0.536322 0.324634 0.3 -nan 0.205188 -0.033678 25.8416
0.713277 -0.536479 0.175825 0.3 -nan 0.219083 -0.033521 7.79048
0.721175 -0.53689 0.158213 0.3 -nan 0.212036 -0.03311 1.45628
0.730741 -0.538415 0.193417 0.3 -nan 0.210469 -0.031585 12.3346
0.747393 -0.542043 0.341759 0.3 -nan 0.218177 -0.027957 34.6587
0.7529 -0.538459 0.131312 0.3 -nan 0.203167 -0.031541 -8.26538
0.760527 -0.537493 0.153845 0.3 -nan 0.203554 -0.032507 -1.18784
0.770303 -0.539226 0.198608 0.3 -nan 0.200584 -0.030774 11.8929
0.787887 -0.538287 0.351794 0.3 -nan 0.173825 -0.031713 21.2998
0.796762 -0.538282 0.177613 0.3 -nan 0.173284 -0.031718 -0.871203
0.806288 -0.537647 0.190946 0.3 -nan 0.177259 -0.032353 2.39022
0.814599 -0.538391 0.166934 0.3 -nan 0.172056 -0.031609 -3.82709
Acheived waypoint: 1
0.832621 -0.540733 0.363431 0.3 -nan 1.74689 -0.627379 100
0.841602 -0.539573 0.1811 0.3 -nan 1.7559 -0.618398 100
0.85055 -0.539497 0.179158 0.3 -nan 1.74651 -0.60945 100
0.86051 -0.541267 0.202173 0.3 -nan 1.79723 -0.59949 100
0.8772 -0.53973 0.335493 0.3 -nan 1.73998 -0.5828 100
0.88585 -0.540328 0.172819 0.3 -nan 1.7606 -0.57415 100
0.893129 -0.540127 0.146102 0.3 -nan 1.73543 -0.566871 100
0.900941 -0.538672 0.158754 0.3 -nan 1.73515 -0.559059 100
0.915473 -0.533729 0.307424 0.3 -nan 1.72634 -0.544527 100
0.923098 -0.530974 0.161938 0.3 -nan 1.72213 -0.536902 100
0.931355 -0.52741 0.180092 0.3 -nan 1.71796 -0.528645 100
0.939995 -0.526113 0.174919 0.3 -nan 1.69002 -0.520005 100
0.955242 -0.516873 0.356282 0.3 -nan 1.68639 -0.504758 100
0.962223 -0.512889 0.160744 0.3 -nan 1.67729 -0.497777 100
0.970092 -0.511791 0.158876 0.3 -nan 1.63502 -0.489908 95.8923
0.976571 -0.50556 0.179706 0.3 -nan 1.66887 -0.483429 100
0.989352 -0.49968 0.281638 0.3 -nan 1.6458 -0.470648 100
0.996586 -0.496212 0.160397 0.3 -nan 1.63641 -0.463414 100
1.00386 -0.492774 0.160865 0.3 -nan 1.62325 -0.456144 99.3639
1.01117 -0.489794 0.157877 0.3 -nan 1.61961 -0.448834 98.2349
1.02396 -0.482758 0.291947 0.3 -nan 1.60851 -0.436041 100
1.03138 -0.479077 0.165815 0.3 -nan 1.59652 -0.428616 100
1.03844 -0.475118 0.161949 0.3 -nan 1.58879 -0.421555 97.6606
1.04519 -0.471136 0.156717 0.3 -nan 1.57994 -0.41481 94.0025
1.06003 -0.462891 0.339469 0.3 -nan 1.56221 -0.399973 100
1.06752 -0.45773 0.181795 0.3 -nan 1.55395 -0.392483 100
1.07482 -0.452777 0.17659 0.3 -nan 1.5457 -0.385181 100
1.08149 -0.447891 0.16551 0.3 -nan 1.53818 -0.378506 96.3444
1.09337 -0.43799 0.309216 0.3 -nan 1.5199 -0.366627 100
1.10013 -0.434338 0.153678 0.3 -nan 1.51148 -0.359865 87.3814
1.10663 -0.43105 0.145512 0.3 -nan 1.50529 -0.353371 82.5161
1.11357 -0.429086 0.144417 0.3 -nan 1.51098 -0.346432 85.0633
1.12634 -0.419693 0.316929 0.3 -nan 1.48458 -0.33366 100
1.13309 -0.415095 0.163293 0.3 -nan 1.48309 -0.326912 95.3154
1.13943 -0.410423 0.157728 0.3 -nan 1.47421 -0.320566 91.5395
1.14576 -0.406229 0.15184 0.3 -nan 1.46507 -0.31424 87.4097
1.15846 -0.396512 0.319884 0.3 -nan 1.44926 -0.301538 100
1.16546 -0.391994 0.166444 0.3 -nan 1.44071 -0.294542 97.5324
1.17306 -0.387892 0.172725 0.3 -nan 1.4353 -0.286938 100
1.18082 -0.383645 0.176933 0.3 -nan 1.42846 -0.279183 100
1.19608 -0.372671 0.376143 0.3 -nan 1.41341 -0.263916 100
1.20208 -0.365938 0.180241 0.3 -nan 1.40139 -0.257922 100
1.20874 -0.35996 0.179079 0.3 -nan 1.39397 -0.25126 100
1.21553 -0.35433 0.176384 0.3 -nan 1.38276 -0.244474 100
1.22755 -0.343463 0.323954 0.3 -nan 1.36982 -0.23245 100
1.23312 -0.338407 0.150501 0.3 -nan 1.35715 -0.226882 94.4285
1.23825 -0.333267 0.1453 0.3 -nan 1.35242 -0.221747 91.7971
1.24313 -0.328186 0.140994 0.3 -nan 1.34587 -0.216865 89.227
1.2524 -0.317652 0.280808 0.3 -nan 1.32278 -0.207604 100
1.25762 -0.312821 0.142217 0.3 -nan 1.31522 -0.202382 90.6001
1.35763 -0.19936 0.198467 0.3 -nan 1.16327 -0.102375 100
1.36187 -0.193069 0.151474 0.3 -nan 1.15836 -0.098135 100
1.36929 -0.180964 0.283933 0.3 -nan 1.16166 -0.0907141 100
1.3737 -0.17366 0.170469 0.3 -nan 1.13244 -0.0863 100
1.37881 -0.167126 0.166067 0.3 -nan 1.12679 -0.0811861 100
1.38477 -0.161461 0.164594 0.3 -nan 1.14325 -0.075227 100
1.39367 -0.14871 0.31102 0.3 -nan 1.1187 -0.0663301 100
1.39843 -0.142954 0.149346 0.3 -nan 1.10225 -0.0615691 100
1.40317 -0.137358 0.146534 0.3 -nan 1.11194 -0.056834 100
1.40715 -0.130584 0.157384 0.3 -nan 1.11718 -0.0528491 100
1.41621 -0.117931 0.310989 0.3 -nan 1.09795 -0.0437851 100
1.42121 -0.110842 0.173404 0.3 -nan 1.08975 -0.038789 100
1.42575 -0.103399 0.174355 0.3 -nan 1.04921 -0.034253 100
1.43081 -0.097087 0.161862 0.3 -nan 1.05677 -0.0291851 100
1.43827 -0.0822 0.333161 0.3 -nan 1.02633 -0.021726 100
1.44135 -0.074488 0.166112 0.3 -nan 1.04711 -0.018651 100
1.44512 -0.066706 0.172829 0.3 -nan 1.00641 -0.0148771 100
1.44993 -0.059492 0.17344 0.3 -nan 1.02685 -0.0100731 100
1.45849 -0.044413 0.343374 0.3 -nan 0.991699 -0.0015111 100
1.462 -0.037158 0.162839 0.3 -nan 0.984442 0.00200391 100
1.46506 -0.030244 0.150765 0.3 -nan 0.977682 0.00505996 100
1.46802 -0.023148 0.154264 0.3 -nan 0.969789 0.00801694 100
1.47115 -0.016221 0.151829 0.3 -nan 0.963893 0.011151 100
1.47718 -0.002684 0.296648 0.3 -nan 0.951218 0.017182 100
1.47992 0.004963 0.162724 0.3 -nan 0.930843 0.0199189 100
1.48327 0.011697 0.150221 0.3 -nan 0.937353 0.0232739 100
1.48632 0.019038 0.158898 0.3 -nan 0.930383 0.026315 100
1.49167 0.033661 0.311846 0.3 -nan 0.915962 0.0316709 100
1.49405 0.040818 0.150738 0.3 -nan 0.906707 0.0340489 100
1.49716 0.047838 0.153574 0.3 -nan 0.900058 0.0371599 100
1.50302 0.062006 0.30673 0.3 -nan 0.884096 0.0430189 100
1.50594 0.069412 0.159224 0.3 -nan 0.874379 0.0459449 100
1.50872 0.078063 0.181728 0.3 -nan 0.851565 0.0487159 100
1.5116 0.086529 0.178935 0.3 -nan 0.8425 0.0515989 100
1.51697 0.102169 0.329772 0.3 -nan 0.823012 0.0569659 100
1.51919 0.109818 0.159838 0.3 -nan 0.81622 0.059188 100
1.52219 0.116979 0.15531 0.3 -nan 0.820607 0.062194 100
1.5239 0.125371 0.171238 0.3 -nan 0.800093 0.063903 100
1.52829 0.140521 0.315107 0.3 -nan 0.793448 0.068287 100
1.52987 0.149013 0.173009 0.3 -nan 0.774776 0.06987 100
1.53144 0.157376 0.170046 0.3 -nan 0.764705 0.071437 100
1.5314 0.164669 0.145957 0.3 -nan 0.755498 0.071399 100
1.5342 0.171498 0.147648 0.3 -nan 0.760514 0.074203 100
1.5389 0.18639 0.312392 0.3 -nan 0.732948 0.0789 100
1.54098 0.19408 0.159403 0.3 -nan 0.722699 0.0809829 100
1.54263 0.201427 0.150617 0.3 -nan 0.721426 0.082629 100
1.54552 0.209732 0.175154 0.3 -nan 0.707414 0.0855249 100
1.54856 0.226262 0.337913 0.3 -nan 0.701094 0.0885589 100
1.55035 0.234439 0.167246 0.3 -nan 0.691827 0.0903549 100
1.55246 0.241761 0.152284 0.3 -nan 0.701332 0.092463 100
1.55513 0.251272 0.197253 0.3 -nan 0.668495 0.0951259 100
1.55854 0.266811 0.318795 0.3 -nan 0.671398 0.098539 100
1.5598 0.275604 0.177666 0.3 -nan 0.650889 0.099797 100
1.55994 0.284615 0.18032 0.3 -nan 0.640799 0.0999399 100
1.56089 0.292645 0.161843 0.3 -nan 0.651381 0.10089 100
1.56322 0.310567 0.361142 0.3 -nan 0.608119 0.103222 100
1.56418 0.317112 0.132323 0.3 -nan 0.611125 0.104179 100
1.56508 0.325376 0.166298 0.3 -nan 0.584689 0.105075 100
1.5655 0.341365 0.315826 0.3 -nan 0.575082 0.105503 100
1.56577 0.349452 0.16401 0.3 -nan 0.570017 0.105769 100
1.56626 0.356915 0.149434 0.3 -nan 0.565806 0.106258 100
1.56665 0.364488 0.151651 0.3 -nan 0.56243 0.106652 100
1.5674 0.372016 0.151504 0.3 -nan 0.562547 0.107405 100
1.56753 0.389102 0.341687 0.3 -nan 0.542672 0.107525 100
1.56855 0.396646 0.15191 0.3 -nan 0.535639 0.108552 100
1.56814 0.404854 0.164713 0.3 -nan 0.529601 0.108135 100
1.56738 0.41238 0.151102 0.3 -nan 0.524057 0.107378 100
1.56783 0.426896 0.290925 0.3 -nan 0.506771 0.107833 100
1.56805 0.433998 0.142242 0.3 -nan 0.503718 0.108051 100
1.56796 0.44169 0.153733 0.3 -nan 0.495883 0.107963 100
1.56837 0.449862 0.16371 0.3 -nan 0.497969 0.108372 100
1.56747 0.465966 0.322561 0.3 -nan 0.47427 0.107473 100
1.56725 0.474081 0.161965 0.3 -nan 0.466619 0.107252 100
1.56682 0.481827 0.155497 0.3 -nan 0.464655 0.106821 100
1.56599 0.490502 0.174321 0.3 -nan 0.448738 0.105994 100
1.56497 0.508257 0.355825 0.3 -nan 0.437396 0.104969 100
1.56278 0.517825 0.195778 0.3 -nan 0.416388 0.102778 100
1.56186 0.526242 0.169925 0.3 -nan 0.409644 0.101864 100
1.55915 0.54189 0.315666 0.3 -nan 0.395273 0.099147 100
1.55763 0.549596 0.158022 0.3 -nan 0.385563 0.097625 100
1.55645 0.556878 0.147431 0.3 -nan 0.367718 0.0964459 100
1.55702 0.564816 0.15923 0.3 -nan 0.370276 0.0970199 100
1.55676 0.572433 0.152442 0.3 -nan 0.372716 0.096761 100
1.55341 0.588442 0.3273 0.3 -nan 0.34018 0.0934089 100
1.55322 0.596738 0.165453 0.3 -nan 0.344209 0.0932189 100
1.55215 0.604308 0.153413 0.3 -nan 0.336995 0.0921509 100
1.55109 0.611983 0.154562 0.3 -nan 0.332012 0.09109 100
1.54843 0.628494 0.335292 0.3 -nan 0.315778 0.0884299 100
1.54727 0.636923 0.170268 0.3 -nan 0.302909 0.087268 100
1.54608 0.646089 0.184801 0.3 -nan 0.295717 0.0860809 100
1.54443 0.655549 0.192325 0.3 -nan 0.286687 0.0844289 100
1.53761 0.673486 0.38335 0.3 -nan 0.271907 0.0776139 100
1.53384 0.681796 0.182582 0.3 -nan 0.248428 0.0738419 100
1.53192 0.691118 0.190294 0.3 -nan 0.251667 0.071921 100
1.5314 0.697798 0.134028 0.3 -nan 0.250426 0.0713999 100
1.52635 0.711859 0.29853 0.3 -nan 0.210136 0.06635 100
1.52309 0.71865 0.150761 0.3 -nan 0.227811 0.0630929 100
1.52116 0.726252 0.156934 0.3 -nan 0.210917 0.0611629 100
1.51843 0.733474 0.15452 0.3 -nan 0.206453 0.0584279 100
1.51355 0.748551 0.316935 0.3 -nan 0.188832 0.053548 90.4079
1.51074 0.756181 0.162609 0.3 -nan 0.184537 0.050741 100
1.5072 0.763592 0.164252 0.3 -nan 0.181633 0.047202 100
1.50495 0.770944 0.153833 0.3 -nan 0.172728 0.0449469 100
1.49912 0.786061 0.323876 0.3 -nan 0.154789 0.039122 69.797
1.4944 0.793264 0.171801 0.3 -nan 0.151926 0.034403 88.721
1.49188 0.801585 0.174388 0.3 -nan 0.134088 0.0318789 79.9229
1.48991 0.809595 0.165012 0.3 -nan 0.129813 0.0299139 78.4642
Acheived waypoint: 2
1.48577 0.823826 0.295956 0.3 -nan 1.6858 -0.626174 100
1.48115 0.830809 0.167783 0.3 -nan 1.67017 -0.619191 92.3833
1.478 0.83844 0.165059 0.3 -nan 1.66366 -0.61156 90.4766
1.47491 0.845751 0.158794 0.3 -nan 1.66263 -0.604249 88.5332
1.4694 0.86268 0.353657 0.3 -nan 1.63306 -0.58732 100
1.46543 0.869539 0.159536 0.3 -nan 1.63789 -0.580461 85.104
1.46232 0.877507 0.171055 0.3 -nan 1.62854 -0.572493 88.3481
1.4588 0.884483 0.156359 0.3 -nan 1.62414 -0.565517 82.0029
1.45265 0.898484 0.306172 0.3 -nan 1.61066 -0.551516 100
1.44937 0.905309 0.151372 0.3 -nan 1.60445 -0.544691 77.341
1.44489 0.911953 0.160126 0.3 -nan 1.601 -0.538047 81.0829
1.4407 0.918789 0.160554 0.3 -nan 1.58558 -0.531211 78.2462
1.43327 0.934609 0.349311 0.3 -nan 1.57062 -0.515391 100
1.42962 0.942222 0.168928 0.3 -nan 1.56593 -0.507778 80.2779
1.42669 0.949434 0.15563 0.3 -nan 1.55954 -0.500566 73.6502
1.42366 0.956765 0.158692 0.3 -nan 1.55364 -0.493235 74.6508
1.41705 0.971714 0.326926 0.3 -nan 1.54358 -0.478286 100
1.414 0.980016 0.176913 0.3 -nan 1.53968 -0.469984 83.4771
1.41096 0.988348 0.177343 0.3 -nan 1.53213 -0.461652 83.2734
1.40636 0.995821 0.175572 0.3 -nan 1.52097 -0.454179 80.9756
1.39702 1.0111 0.358085 0.3 -nan 1.50223 -0.4389 100
1.39255 1.01849 0.172962 0.3 -nan 1.49913 -0.431505 78.5686
1.38748 1.02563 0.174717 0.3 -nan 1.49196 -0.424373 79.1178
1.38305 1.03324 0.176407 0.3 -nan 1.48321 -0.416763 79.3962
1.37501 1.04837 0.34275 0.3 -nan 1.47026 -0.401628 100
1.37069 1.05566 0.16939 0.3 -nan 1.4642 -0.394339 75.9211
1.36688 1.06228 0.152895 0.3 -nan 1.45692 -0.387715 66.4347
1.36252 1.06896 0.159457 0.3 -nan 1.45204 -0.38104 70.4514
1.35379 1.08241 0.320295 0.3 -nan 1.44185 -0.367585 100
1.34999 1.08919 0.155653 0.3 -nan 1.43841 -0.360806 69.7706
1.34605 1.09554 0.149396 0.3 -nan 1.43374 -0.354465 66.4509
1.34065 1.10152 0.161269 0.3 -nan 1.42349 -0.348479 72.6211
1.33075 1.11459 0.327747 0.3 -nan 1.42104 -0.335408 100
1.32602 1.12086 0.157278 0.3 -nan 1.4045 -0.329136 70.9318
1.32218 1.12758 0.154691 0.3 -nan 1.41146 -0.322421 73.0982
1.31734 1.13399 0.160664 0.3 -nan 1.40602 -0.316009 77.5578
1.3095 1.14702 0.303806 0.3 -nan 1.38345 -0.30298 100
1.30599 1.15404 0.157001 0.3 -nan 1.38114 -0.295957 75.6544
1.30215 1.16079 0.155347 0.3 -nan 1.39287 -0.289214 79.9449
1.29552 1.16683 0.179546 0.3 -nan 1.3799 -0.283174 94.9712
1.28308 1.18054 0.370009 0.3 -nan 1.35327 -0.269462 100
1.28308 1.18054 0.370009 0.3 -nan 1.35327 -0.269462 100
1.27386 1.19494 0.17109 0.3 -nan 1.33503 -0.255058 90.1243
1.26831 1.20082 0.161477 0.3 -nan 1.34234 -0.249183 87.952
1.25646 1.213 0.34042 0.3 -nan 1.31755 -0.236998 100
1.25134 1.21847 0.149772 0.3 -nan 1.31104 -0.231527 79.8039
1.24542 1.22405 0.162126 0.3 -nan 1.30492 -0.225947 90.4892
1.23943 1.22926 0.159304 0.3 -nan 1.29753 -0.220743 89.3035
1.22962 1.24042 0.297003 0.3 -nan 1.28471 -0.209578 100
1.22521 1.24638 0.148355 0.3 -nan 1.28056 -0.203618 86.1478
1.22014 1.25182 0.148845 0.3 -nan 1.27354 -0.198176 88.0529
1.21403 1.25697 0.159822 0.3 -nan 1.26361 -0.193026 97.561
1.20105 1.26894 0.352832 0.3 -nan 1.25111 -0.181063 100
1.19451 1.27537 0.183605 0.3 -nan 1.244 -0.174627 100
1.18828 1.28173 0.178073 0.3 -nan 1.23632 -0.168267 100
1.18255 1.28791 0.16854 0.3 -nan 1.22818 -0.162088 100
1.17152 1.3007 0.337692 0.3 -nan 1.21587 -0.149296 100
1.16632 1.30681 0.160433 0.3 -nan 1.20994 -0.143195 100
1.16001 1.31181 0.161019 0.3 -nan 1.20352 -0.138192 100
1.15234 1.31595 0.174464 0.3 -nan 1.19357 -0.134047 100
1.13875 1.32546 0.331384 0.3 -nan 1.17604 -0.124536 100
1.13295 1.33009 0.148379 0.3 -nan 1.16659 -0.119914 100
1.12633 1.33446 0.158772 0.3 -nan 1.15998 -0.115544 100
1.12002 1.33896 0.155051 0.3 -nan 1.15127 -0.111043 100
1.10824 1.34748 0.290511 0.3 -nan 1.13738 -0.102521 100
1.10201 1.35147 0.148218 0.3 -nan 1.13198 -0.098533 100
1.09556 1.35558 0.152989 0.3 -nan 1.12663 -0.094419 100
1.08877 1.36023 0.164596 0.3 -nan 1.11975 -0.0897651 100
1.07586 1.36876 0.309424 0.3 -nan 1.10712 -0.081238 100
1.06955 1.37258 0.147536 0.3 -nan 1.10089 -0.077419 100
1.06338 1.37671 0.148418 0.3 -nan 1.09373 -0.0732881 100
1.05707 1.38081 0.150507 0.3 -nan 1.08902 -0.069195 100
1.0436 1.38862 0.311274 0.3 -nan 1.07356 -0.0613821 100
1.03669 1.39224 0.156075 0.3 -nan 1.06492 -0.0577631 100
1.0305 1.39644 0.149813 0.3 -nan 1.05385 -0.0535611 100
1.02402 1.40077 0.155969 0.3 -nan 1.04819 -0.0492281 100
1.00898 1.40737 0.328288 0.3 -nan 1.02886 -0.042631 100
1.00208 1.41138 0.159653 0.3 -nan 1.0211 -0.038622 100
0.995315 1.4154 0.157336 0.3 -nan 1.01291 -0.0346 100
0.987984 1.41903 0.163629 0.3 -nan 1.00463 -0.030966 100
0.972525 1.42673 0.345212 0.3 -nan 0.984228 -0.0232681 100
0.964631 1.43023 0.172951 0.3 -nan 0.975259 -0.0197661 100
0.957223 1.43333 0.160454 0.3 -nan 0.968434 -0.016667 100
0.950255 1.43628 0.151322 0.3 -nan 0.957467 -0.013721 100
0.936381 1.44269 0.305768 0.3 -nan 0.945198 -0.00730705 100
0.92921 1.44545 0.15369 0.3 -nan 0.938782 -0.00455105 100
0.922021 1.44792 0.152082 0.3 -nan 0.930488 -0.00207508 100
0.915205 1.45142 0.153254 0.3 -nan 0.921991 0.00142491 100
0.900486 1.45833 0.325144 0.3 -nan 0.907738 0.00832701 100
0.89314 1.46161 0.16095 0.3 -nan 0.898115 0.011609 100
0.885981 1.46466 0.155609 0.3 -nan 0.895039 0.0146559 100
0.878878 1.46758 0.153699 0.3 -nan 0.888953 0.017576 100
0.863862 1.47372 0.32439 0.3 -nan 0.869172 0.0237249 100
0.856076 1.47693 0.168349 0.3 -nan 0.859455 0.026933 100
0.848159 1.48012 0.17078 0.3 -nan 0.851436 0.030121 100
0.839664 1.48393 0.186233 0.3 -nan 0.845664 0.033934 100
0.822198 1.48793 0.358079 0.3 -nan 0.834279 0.037928 100
0.81364 1.48951 0.174268 0.3 -nan 0.824312 0.0395089 100
0.805324 1.49159 0.171446 0.3 -nan 0.816149 0.0415909 100
0.797453 1.4939 0.164021 0.3 -nan 0.805923 0.0438969 100
0.78195 1.49831 0.322359 0.3 -nan 0.789785 0.0483149 100
0.774531 1.50053 0.154884 0.3 -nan 0.781974 0.050527 100
0.767163 1.50252 0.152652 0.3 -nan 0.777238 0.0525229 100
0.759369 1.50437 0.16018 0.3 -nan 0.769688 0.0543749 100
0.743713 1.50825 0.322699 0.3 -nan 0.753433 0.058247 100
0.735779 1.51023 0.163672 0.3 -nan 0.745765 0.0602319 100
0.727987 1.51172 0.158592 0.3 -nan 0.74002 0.0617199 100
0.720368 1.51327 0.155613 0.3 -nan 0.734279 0.0632739 100
0.70451 1.51672 0.324351 0.3 -nan 0.720633 0.066721 100
0.696235 1.51842 0.16902 0.3 -nan 0.713543 0.068422 100
0.687761 1.51948 0.170827 0.3 -nan 0.706639 0.0694809 100
0.679454 1.51978 0.165977 0.3 -nan 0.69144 0.06978 100
0.6644 1.5235 0.310779 0.3 -nan 0.676934 0.073499 100
0.656636 1.52329 0.155363 0.3 -nan 0.659397 0.0732889 100
0.648261 1.52365 0.167584 0.3 -nan 0.650419 0.0736459 100
0.639856 1.52474 0.169559 0.3 -nan 0.641726 0.074739 100
0.62271 1.52716 0.346283 0.3 -nan 0.625339 0.077155 100
0.6142 1.52806 0.171167 0.3 -nan 0.617812 0.0780599 100
0.605763 1.52847 0.16888 0.3 -nan 0.607735 0.0784719 100
0.597472 1.5289 0.166171 0.3 -nan 0.600502 0.078902 100
0.582444 1.52978 0.300853 0.3 -nan 0.581478 0.0797789 100
0.574932 1.53018 0.150588 0.3 -nan 0.574494 0.0801779 100
0.567105 1.53074 0.156927 0.3 -nan 0.567248 0.0807379 100
0.55891 1.5311 0.164071 0.3 -nan 0.562425 0.0811009 100
0.541858 1.53104 0.340655 0.3 -nan 0.55111 0.0810419 100
0.533759 1.5318 0.162837 0.3 -nan 0.545651 0.0818 100
0.525946 1.53255 0.157072 0.3 -nan 0.534862 0.0825529 100
0.517976 1.53293 0.159536 0.3 -nan 0.528619 0.0829259 100
0.501837 1.5336 0.32296 0.3 -nan 0.518122 0.0836029 100
0.493066 1.53364 0.175528 0.3 -nan 0.504938 0.083638 100
0.483665 1.53389 0.187821 0.3 -nan 0.498581 0.083892 100
0.474692 1.53422 0.179735 0.3 -nan 0.488245 0.0842179 100
0.457282 1.53468 0.348481 0.3 -nan 0.469605 0.084677 100
0.448512 1.53568 0.176546 0.3 -nan 0.466144 0.0856769 100
0.440201 1.53377 0.17061 0.3 -nan 0.461759 0.0837669 100
0.431459 1.5331 0.175424 0.3 -nan 0.447954 0.083095 100
0.413496 1.53088 0.361998 0.3 -nan 0.436353 0.080884 100
0.405333 1.53068 0.163277 0.3 -nan 0.421306 0.080675 100
0.397482 1.53017 0.157381 0.3 -nan 0.414691 0.080171 100
0.389704 1.53002 0.155563 0.3 -nan 0.393696 0.08002 100
0.373923 1.52758 0.319481 0.3 -nan 0.390641 0.077583 100
0.366088 1.52647 0.158213 0.3 -nan 0.380879 0.076474 100
0.359393 1.52655 0.134048 0.3 -nan 0.387504 0.0765549 100
0.350505 1.52421 0.183537 0.3 -nan 0.364294 0.074206 100
0.335472 1.52296 0.302048 0.3 -nan 0.359295 0.072964 100
0.32686 1.52031 0.180249 0.3 -nan 0.343008 0.0703119 100
0.31925 1.51897 0.154434 0.3 -nan 0.33956 0.0689659 100
0.312552 1.51907 0.134048 0.3 -nan 0.339845 0.0690659 100
0.29695 1.51355 0.331128 0.3 -nan 0.336144 0.063545 100
0.289211 1.51226 0.156907 0.3 -nan 0.32318 0.062258 100
0.280651 1.51165 0.171677 0.3 -nan 0.305033 0.0616469 100
0.271486 1.50986 0.186709 0.3 -nan 0.288359 0.0598639 100
0.254538 1.50281 0.367222 0.3 -nan 0.287029 0.052814 100
0.245239 1.50249 0.186085 0.3 -nan 0.256139 0.052485 100
0.237181 1.50052 0.165896 0.3 -nan 0.251116 0.0505229 100
0.228983 1.49782 0.172613 0.3 -nan 0.248047 0.0478209 100
0.212985 1.49286 0.334973 0.3 -nan 0.223943 0.042863 89.1398
0.205335 1.48964 0.1661 0.3 -nan 0.232583 0.0396409 100
0.197503 1.48723 0.163795 0.3 -nan 0.224499 0.037228 100
0.18954 1.48574 0.162182 0.3 -nan 0.19406 0.035736 100
0.175121 1.4816 0.299908 0.3 -nan 0.18804 0.0316039 74.3734
0.167855 1.47808 0.161515 0.3 -nan 0.20049 0.0280819 94.5773
0.160248 1.47532 0.161869 0.3 -nan 0.193042 0.025321 88.379
0.152305 1.47402 0.160949 0.3 -nan 0.168388 0.024019 80.3372
0.135853 1.46893 0.344502 0.3 -nan 0.161035 0.0189329 54.8065
0.126921 1.46652 0.185027 0.3 -nan 0.142176 0.0165169 58.6823
0.118802 1.463 0.177093 0.3 -nan 0.134847 0.012996 52.8176
0.11044 1.4586 0.188773 0.3 -nan 0.144494 0.00860095 48.2296
0.092872 1.45411 0.362946 0.3 -nan 0.116967 0.00410998 32.5611
0.084768 1.45067 0.176134 0.3 -nan 0.116273 0.000674009 30.4821
0.076184 1.44843 0.1769 0.3 -nan 0.0896712 -0.00156701 20.511
0.067793 1.44604 0.175013 0.3 -nan 0.0836717 -0.00396502 15.4873
0.05121 1.44185 0.342353 0.3 -nan 0.0736274 -0.00815403 12.6432
0.043212 1.43842 0.173903 0.3 -nan 0.0815744 -0.011585 3.82105
0.035015 1.43683 0.167015 0.3 -nan 0.0842552 -0.0131731 1.40715
0.026283 1.43694 0.174666 0.3 -nan 0.0590896 -0.013056 -3.93913
0.009523 1.4334 0.342653 0.3 -nan 0.0550475 -0.0165991 1.68594
0.000576 1.43237 0.180142 0.3 -nan 0.046369 -0.0176251 -12.9848
-0.009527 1.42999 0.20714 0.3 -nan 0.0641406 -0.0200111 -8.16426
-0.019035 1.42926 0.191068 0.3 -nan 0.0486654 -0.0207441 -15.0965
-0.036233 1.42703 0.346663 0.3 -nan 0.0669329 -0.0229681 0.196682
-0.044713 1.42657 0.170082 0.3 -nan 0.0487853 -0.0234311 -22.3646
-0.051995 1.42489 0.149521 0.3 -nan 0.0679219 -0.0251111 -24.9922
-0.060339 1.42434 0.167187 0.3 -nan 0.0608607 -0.025658 -23.203
-0.078503 1.42437 0.363344 0.3 -nan 0.0675432 -0.0256261 -0.728075
-0.087735 1.42606 0.18761 0.3 -nan 0.0507491 -0.023939 -19.3313
-0.096182 1.4254 0.169469 0.3 -nan 0.0693877 -0.024605 -18.9832
-0.104307 1.42565 0.162592 0.3 -nan 0.0491045 -0.024348 -25.264
-0.121295 1.4252 0.339923 0.3 -nan 0.0774038 -0.024799 1.16195
-0.131049 1.42528 0.19521 0.3 -nan 0.0739967 -0.024724 -13.1943
-0.141104 1.42602 0.201492 0.3 -nan 0.0526012 -0.0239841 -16.7193
-0.150872 1.42462 0.197301 0.3 -nan 0.0738717 -0.0253761 -13.7162
-0.169249 1.42551 0.368301 0.3 -nan 0.0745894 -0.0244861 2.08204
-0.17796 1.42584 0.174378 0.3 -nan 0.0758222 -0.024158 -15.6953
-0.186425 1.42638 0.169667 0.3 -nan 0.057424 -0.0236181 -20.5304
-0.194963 1.42563 0.171457 0.3 -nan 0.0805008 -0.0243671 -15.3989
-0.212572 1.42545 0.352146 0.3 -nan 0.080711 -0.024549 2.82008
-0.22169 1.42513 0.182341 0.3 -nan 0.0808934 -0.0248661 -13.8685
-0.231081 1.42438 0.188499 0.3 -nan 0.0791855 -0.025619 -14.1872
-0.240031 1.42373 0.17957 0.3 -nan 0.0743546 -0.026275 -18.0042
-0.257019 1.42475 0.340251 0.3 -nan 0.0630224 -0.025251 -2.80579
-0.264647 1.42416 0.153097 0.3 -nan 0.0798018 -0.025841 -22.1855
-0.273968 1.42449 0.186426 0.3 -nan 0.0831774 -0.025511 -13.4063
-0.283875 1.42492 0.198384 0.3 -nan 0.0836125 -0.0250781 -10.6935
-0.303858 1.42659 0.401126 0.3 -nan 0.0849858 -0.023412 6.77316
-0.31292 1.42663 0.181179 0.3 -nan 0.068418 -0.0233741 -15.1991
-0.320426 1.42549 0.15192 0.3 -nan 0.0890031 -0.024508 -18.0053
-0.328987 1.42581 0.171344 0.3 -nan 0.0891392 -0.0241901 -12.9727
-0.346808 1.42578 0.356467 0.3 -nan 0.0922591 -0.0242151 6.20115
-0.355405 1.42591 0.172012 0.3 -nan 0.0828561 -0.024088 -14.2832
-0.364659 1.42507 0.185852 0.3 -nan 0.0887224 -0.024932 -11.3277
Acheived waypoint: 3
-0.373374 1.42442 0.174752 0.3 -nan 1.64636 -0.626745 88.1927
-0.391176 1.42204 0.359352 0.3 -nan 1.65457 -0.608955 100
-0.398863 1.42172 0.153934 0.3 -nan 1.65239 -0.60127 84.3225
-0.407636 1.42221 0.175621 0.3 -nan 1.63727 -0.592494 90.0073
-0.416161 1.4223 0.170596 0.3 -nan 1.61669 -0.583969 83.787
-0.434562 1.42065 0.369418 0.3 -nan 1.65476 -0.565576 100
-0.443555 1.42 0.180346 0.3 -nan 1.65409 -0.556587 100
-0.451925 1.41819 0.171209 0.3 -nan 1.65498 -0.548226 98.1943
-0.460157 1.41733 0.165599 0.3 -nan 1.64764 -0.539998 95.0252
-0.475024 1.41183 0.317116 0.3 -nan 1.63611 -0.525158 100
-0.483236 1.40862 0.176413 0.3 -nan 1.62708 -0.516963 97.7511
-0.491818 1.40541 0.183214 0.3 -nan 1.61947 -0.508397 100
-0.50038 1.40028 0.199737 0.3 -nan 1.61007 -0.49986 100
-0.51666 1.39134 0.371402 0.3 -nan 1.58513 -0.483624 100
-0.52401 1.38831 0.158931 0.3 -nan 1.55124 -0.47629 76.7798
-0.530423 1.38481 0.146043 0.3 -nan 1.59298 -0.469894 82.1109
-0.536582 1.37957 0.161797 0.3 -nan 1.56157 -0.463761 82.8559
-0.549476 1.37132 0.306468 0.3 -nan 1.54857 -0.450908 100
1000 1000 28285.8 0.3 -nan 0.179468 -996.044 36.6165
-0.566202 1.35756 28242.8 0.3 -nan 1.56304 -0.43425 100
1000 1000 28290.3 0.3 -nan 0.179468 -996.044 36.618
-0.584357 1.34623 28278.6 0.3 -nan 1.54028 -0.416152 100
-0.592067 1.34267 0.169777 0.3 -nan 1.46109 -0.408459 72.1375
-0.598205 1.33735 0.162401 0.3 -nan 1.49093 -0.402348 77.0995
-0.605297 1.33251 0.171794 0.3 -nan 1.48394 -0.39528 82.0125
-0.622649 1.32647 0.367627 0.3 -nan 1.5166 -0.377958 100
-0.630972 1.32352 0.176592 0.3 -nan 1.51577 -0.36965 99.1491
-0.6381 1.31861 0.173184 0.3 -nan 1.46377 -0.362546 85.9414
-0.645127 1.31468 0.161017 0.3 -nan 1.45831 -0.355539 79.3802
-0.659111 1.30689 0.320302 0.3 -nan 1.49627 -0.341593 100
-0.666647 1.30272 0.172181 0.3 -nan 1.49182 -0.334078 100
-0.673349 1.29565 0.19483 0.3 -nan 1.43618 -0.327411 100
-0.679686 1.28961 0.175022 0.3 -nan 1.42096 -0.321104 88.6303
-0.694176 1.28192 0.328457 0.3 -nan 1.35877 -0.306652 100
-0.699972 1.2758 0.168458 0.3 -nan 1.3987 -0.300887 85.8617
-0.706939 1.27107 0.168419 0.3 -nan 1.39698 -0.293943 87.9406
-0.713568 1.26869 0.140918 0.3 -nan 1.32933 -0.287326 54.443
-0.725616 1.25677 0.339088 0.3 -nan 1.37524 -0.275337 100
-0.731693 1.25125 0.164112 0.3 -nan 1.37336 -0.269288 88.8034
-0.737899 1.24589 0.163924 0.3 -nan 1.36132 -0.263108 88.2489
-0.743657 1.24015 0.162737 0.3 -nan 1.34869 -0.257379 86.7299
-0.755422 1.22886 0.326241 0.3 -nan 1.33634 -0.24567 100
-0.761785 1.22495 0.149381 0.3 -nan 1.33768 -0.239326 82.4601
-0.768859 1.22055 0.166593 0.3 -nan 1.32926 -0.232274 96.6126
-0.774606 1.21512 0.158103 0.3 -nan 1.32602 -0.226554 92.5168
-0.787374 1.20423 0.335611 0.3 -nan 1.31014 -0.21384 100
-0.793983 1.19788 0.183371 0.3 -nan 1.30091 -0.207263 100
-0.799198 1.19124 0.168878 0.3 -nan 1.30088 -0.202081 100
-0.8054 1.1836 0.196873 0.3 -nan 1.28204 -0.195916 100
-0.818142 1.17175 0.348058 0.3 -nan 1.2636 -0.183233 100
-0.82381 1.16547 0.16913 0.3 -nan 1.25445 -0.177596 100
-0.82907 1.15903 0.166348 0.3 -nan 1.24333 -0.172368 100
-0.834211 1.1528 0.161503 0.3 -nan 1.23375 -0.167258 100
-0.844392 1.14056 0.318674 0.3 -nan 1.21625 -0.157138 100
-0.849381 1.13456 0.155926 0.3 -nan 1.20792 -0.152179 100
-0.854224 1.12912 0.145737 0.3 -nan 1.20168 -0.147363 100
-0.859032 1.12389 0.142004 0.3 -nan 1.19501 -0.142581 100
-0.868255 1.11124 0.313237 0.3 -nan 1.18213 -0.13342 100
-0.873696 1.10503 0.165026 0.3 -nan 1.17997 -0.12801 100
-0.879328 1.09883 0.167612 0.3 -nan 1.17059 -0.122409 100
-0.884876 1.09398 0.147087 0.3 -nan 1.21511 -0.116885 100
-0.895608 1.07722 0.399083 0.3 -nan 1.14676 -0.106236 100
-0.900492 1.06983 0.177291 0.3 -nan 1.14531 -0.101389 100
-0.906203 1.06534 0.145053 0.3 -nan 1.17825 -0.0957001 100
-0.911217 1.05701 0.194771 0.3 -nan 1.11907 -0.0907274 100
-0.919889 1.04379 0.316286 0.3 -nan 1.11033 -0.082121 100
-0.9241 1.03648 0.168628 0.3 -nan 1.08945 -0.0779462 100
-0.928308 1.02915 0.168991 0.3 -nan 1.08328 -0.0737745 100
-0.931562 1.02172 0.162272 0.3 -nan 1.05954 -0.0705573 100
-0.939479 1.00799 0.317053 0.3 -nan 1.05703 -0.0627084 100
-0.943096 1.00076 0.161566 0.3 -nan 1.03986 -0.0591272 100
-0.947157 0.994439 0.15046 0.3 -nan 1.03506 -0.0550976 100
-0.95179 0.988913 0.144126 0.3 -nan 1.03611 -0.050492 100
-0.959227 0.974972 0.316077 0.3 -nan 1.01506 -0.0431241 100
-0.963319 0.967769 0.165619 0.3 -nan 1.00763 -0.0390678 100
-0.968205 0.961017 0.166649 0.3 -nan 1.01116 -0.0342153 100
-0.971694 0.95354 0.165184 0.3 -nan 1.01546 -0.0307634 100
-0.979009 0.939068 0.324231 0.3 -nan 0.976359 -0.0235201 100
-0.982965 0.932109 0.160102 0.3 -nan 0.994282 -0.0195986 100
-0.986335 0.924965 0.15804 0.3 -nan 0.987932 -0.016264 100
-0.989384 0.917573 0.159945 0.3 -nan 0.953852 -0.0132516 100
-0.996378 0.902875 0.325569 0.3 -nan 0.938965 -0.00633046 100
-0.999584 0.89517 0.166673 0.3 -nan 0.953092 -0.00316262 100
-1.00224 0.887292 0.166517 0.3 -nan 0.920525 -0.000546685 100
-1.00547 0.879805 0.163065 0.3 -nan 0.914063 0.00264225 100
-1.01132 0.864139 0.334471 0.3 -nan 0.902906 0.00842365 100
-1.01459 0.855685 0.181293 0.3 -nan 0.887078 0.0116498 100
-1.01851 0.84746 0.182252 0.3 -nan 0.875472 0.015523 100
-1.02155 0.838804 0.183486 0.3 -nan 0.866298 0.0185241 100
-1.02655 0.822906 0.333363 0.3 -nan 0.8476 0.0234433 100
-1.02922 0.815453 0.158346 0.3 -nan 0.84044 0.0260763 100
-1.03182 0.807964 0.158562 0.3 -nan 0.835306 0.0286402 100
-1.03453 0.80077 0.15377 0.3 -nan 0.827855 0.0313146 100
-1.04077 0.786707 0.307742 0.3 -nan 0.797555 0.037486 100
-1.04263 0.778466 0.168975 0.3 -nan 0.794296 0.0393101 100
-1.04477 0.769985 0.175008 0.3 -nan 0.784846 0.041399 100
-1.04769 0.761796 0.173779 0.3 -nan 0.773793 0.0442805 100
-1.05436 0.747469 0.316161 0.3 -nan 0.698417 0.0508795 100
-1.05446 0.738306 0.183166 0.3 -nan 0.770505 0.0509381 100
-1.05735 0.730129 0.173581 0.3 -nan 0.745006 0.0537846 100
-1.06004 0.721529 0.180182 0.3 -nan 0.737066 0.056436 100
-1.06638 0.703129 0.389518 0.3 -nan 0.727051 0.0626858 100
-1.06756 0.693752 0.188941 0.3 -nan 0.706802 0.0638114 100
-1.06924 0.684364 0.19063 0.3 -nan 0.708559 0.0654469 100
-1.0708 0.675203 0.186019 0.3 -nan 0.700405 0.0669646 100
-1.07353 0.6586 0.336443 0.3 -nan 0.682056 0.0696153 100
-1.07396 0.650814 0.155965 0.3 -nan 0.67412 0.0700048 100
-1.07517 0.643354 0.151137 0.3 -nan 0.666614 0.0711789 100
-1.07731 0.635989 0.153529 0.3 -nan 0.663018 0.0732774 100
-1.07939 0.620082 0.320387 0.3 -nan 0.640604 0.0752816 100
-1.08074 0.611779 0.168311 0.3 -nan 0.64269 0.0765855 100
-1.08253 0.603767 0.164284 0.3 -nan 0.627815 0.0783368 100
-1.08314 0.595153 0.172887 0.3 -nan 0.625973 0.0789051 100
-1.08486 0.579599 0.312729 0.3 -nan 0.6147 0.0805511 100
-1.08642 0.571575 0.163588 0.3 -nan 0.597783 0.0820684 100
-1.0874 0.563221 0.167782 0.3 -nan 0.59221 0.08301 100
-1.08766 0.554189 0.181112 0.3 -nan 0.592181 0.0832253 100
-1.08876 0.537601 0.332722 0.3 -nan 0.575094 0.0842372 100
-1.08976 0.529824 0.15669 0.3 -nan 0.559144 0.0851996 100
-1.08938 0.521325 0.169962 0.3 -nan 0.551257 0.0847825 100
-1.08919 0.512715 0.172188 0.3 -nan 0.540939 0.084553 100
-1.08867 0.495223 0.350148 0.3 -nan 0.531813 0.0839444 100
-1.08863 0.486297 0.178783 0.3 -nan 0.511177 0.0838581 100
-1.08861 0.477216 0.181667 0.3 -nan 0.511336 0.0837922 100
-1.08889 0.468847 0.167525 0.3 -nan 0.503912 0.0840308 100
-1.08831 0.452872 0.319818 0.3 -nan 0.486729 0.0833727 100
-1.08842 0.44563 0.144743 0.3 -nan 0.468614 0.0834428 100
-1.08784 0.437485 0.163362 0.3 -nan 0.469614 0.0828295 100
-1.08706 0.428927 0.171925 0.3 -nan 0.479536 0.0820012 100
-1.08772 0.412717 0.324275 0.3 -nan 0.448093 0.082581 100
-1.08815 0.404499 0.164695 0.3 -nan 0.431974 0.0829683 100
-1.08595 0.395322 0.188744 0.3 -nan 0.452615 0.0807279 100
-1.08458 0.387032 0.167989 0.3 -nan 0.441927 0.0793208 100
-1.08455 0.370418 0.331631 0.3 -nan 0.43074 0.0792046 100
-1.08447 0.362971 0.149376 0.3 -nan 0.407898 0.0790867 100
-1.08377 0.354017 0.179528 0.3 -nan 0.400984 0.0783474 100
-1.08249 0.344357 0.195022 0.3 -nan 0.404892 0.0770196 100
-1.08085 0.32668 0.354826 0.3 -nan 0.381043 0.075289 100
-1.07971 0.318251 0.170229 0.3 -nan 0.377978 0.0741103 100
-1.07805 0.310245 0.163541 0.3 -nan 0.364503 0.0724107 100
-1.07589 0.301757 0.175271 0.3 -nan 0.359279 0.0702017 100
-1.073 0.285141 0.337136 0.3 -nan 0.344327 0.0672356 100
-1.07089 0.277235 0.163656 0.3 -nan 0.333683 0.0650874 100
-1.06818 0.269191 0.16974 0.3 -nan 0.328904 0.0623377 100
-1.06647 0.261342 0.160577 0.3 -nan 0.316437 0.0605828 100
-1.06402 0.245296 0.324917 0.3 -nan 0.296588 0.0580514 100
-1.06214 0.23728 0.164737 0.3 -nan 0.293638 0.0561337 100
-1.06098 0.229437 0.158471 0.3 -nan 0.282331 0.0549419 100
-1.05955 0.221336 0.164662 0.3 -nan 0.281681 0.0534638 100
-1.05561 0.205332 0.327994 0.3 -nan 0.269033 0.0494437 100
-1.05368 0.197466 0.162876 0.3 -nan 0.257776 0.0474757 100
-1.05142 0.189612 0.163268 0.3 -nan 0.255647 0.0451849 100
-1.04936 0.182278 0.152536 0.3 -nan 0.24532 0.0430816 100
-1.04476 0.167202 0.315288 0.3 -nan 0.229523 0.0384051 89.0192
-1.04271 0.159384 0.161626 0.3 -nan 0.221473 0.0363203 100
-1.04048 0.151187 0.16979 0.3 -nan 0.213582 0.0340488 100
-1.03624 0.142369 0.195753 0.3 -nan 0.207648 0.0297662 91.0028
-1.03 0.125186 0.36529 0.3 -nan 0.193867 0.0234432 65.4712
-1.02685 0.116772 0.179661 0.3 -nan 0.182801 0.0202526 74.8868
-1.02357 0.108265 0.182638 0.3 -nan 0.17342 0.0169256 67.4692
-1.02098 0.100079 0.171733 0.3 -nan 0.164648 0.0142941 62.8657
-1.01538 0.084394 0.332915 0.3 -nan 0.14821 0.00862343 44.1897
-1.01219 0.076531 0.169878 0.3 -nan 0.137496 0.00538759 42.9441
-1.01028 0.069387 0.14792 0.3 -nan 0.117381 0.00344228 35.6975
Acheived waypoint: 4
-1.00777 0.061378 0.167764 0.3 -nan 1.69745 -0.631378 98.0613
-1.00336 0.046372 0.312958 0.3 -nan 1.68194 -0.616372 100
-1.00043 0.038535 0.167392 0.3 -nan 1.67295 -0.608535 94.0572
-0.998211 0.030123 0.173837 0.3 -nan 1.67656 -0.600123 98.4046
-0.996247 0.021475 0.177521 0.3 -nan 1.66044 -0.591475 96.7561
-0.992422 0.003029 0.376238 0.3 -nan 1.66524 -0.573029 100
-0.991281 -0.006203 0.186355 0.3 -nan 1.66578 -0.563797 100
-0.989469 -0.01493 0.178218 0.3 -nan 1.65286 -0.55507 99.681
-0.986899 -0.023835 0.185452 0.3 -nan 1.65358 -0.546165 100
-0.979988 -0.04014 0.354101 0.3 -nan 1.63372 -0.52986 100
-0.975759 -0.047287 0.166127 0.3 -nan 1.62344 -0.522713 91.4642
-0.97125 -0.055366 0.184961 0.3 -nan 1.60845 -0.514634 97.1276
-0.967375 -0.062938 0.170174 0.3 -nan 1.59916 -0.507062 89.3815
-0.959685 -0.076834 0.317604 0.3 -nan 1.58054 -0.493166 100
-0.955289 -0.083975 0.167834 0.3 -nan 1.57626 -0.486025 85.7765
-0.950659 -0.090981 0.167874 0.3 -nan 1.56871 -0.479019 85.0228
-0.945762 -0.097476 0.162664 0.3 -nan 1.55675 -0.472524 80.5812
-0.938548 -0.111827 0.321033 0.3 -nan 1.55029 -0.458173 100
-0.934407 -0.119836 0.180627 0.3 -nan 1.54157 -0.450164 89.43
-0.930769 -0.127882 0.176473 0.3 -nan 1.5312 -0.442118 86.3407
-0.92662 -0.135614 0.175603 0.3 -nan 1.52827 -0.434386 86.7113
-0.918857 -0.150531 0.336314 0.3 -nan 1.51666 -0.419469 100
-0.915302 -0.157557 0.157535 0.3 -nan 1.5079 -0.412443 76.6396
-0.911147 -0.164153 0.15587 0.3 -nan 1.49724 -0.405847 74.4003
-0.905379 -0.170263 0.168107 0.3 -nan 1.49108 -0.399737 80.8059
-0.896027 -0.184505 0.340662 0.3 -nan 1.4742 -0.385495 100
-0.892365 -0.191606 0.159867 0.3 -nan 1.46372 -0.378394 74.28
-0.887645 -0.198497 0.16696 0.3 -nan 1.45754 -0.371503 78.4555
-0.881894 -0.205111 0.175274 0.3 -nan 1.45185 -0.364889 83.4663
-0.873124 -0.219009 0.328476 0.3 -nan 1.44408 -0.350991 100
-0.867612 -0.225925 0.176834 0.3 -nan 1.4276 -0.344075 84.1483
-0.862 -0.233271 0.185147 0.3 -nan 1.4304 -0.336729 91.9596
-0.857369 -0.241591 0.190577 0.3 -nan 1.41384 -0.328409 93.618
-0.847994 -0.256139 0.346017 0.3 -nan 1.40156 -0.313861 100
-0.84357 -0.262539 0.155671 0.3 -nan 1.39171 -0.307461 73.5024
-0.838279 -0.268366 0.157297 0.3 -nan 1.39215 -0.301634 76.6586
-0.833832 -0.274512 0.151854 0.3 -nan 1.38027 -0.295488 72.129
-0.824317 -0.286593 0.307377 0.3 -nan 1.36624 -0.283407 100
-0.81879 -0.293327 0.174383 0.3 -nan 1.3524 -0.276673 87.3092
-0.812718 -0.299828 0.177916 0.3 -nan 1.34724 -0.270172 91.0648
-0.805699 -0.305944 0.186187 0.3 -nan 1.33704 -0.264056 96.5442
-0.795661 -0.319473 0.336916 0.3 -nan 1.32597 -0.250527 100
-0.791188 -0.326496 0.16662 0.3 -nan 1.33258 -0.243504 91.8434
-0.786381 -0.333057 0.16264 0.3 -nan 1.31507 -0.236943 87.7732
-0.779605 -0.338779 0.177466 0.3 -nan 1.3138 -0.231221 100
-0.768182 -0.352906 0.362588 0.3 -nan 1.28586 -0.217094 100
-0.762011 -0.358917 0.17262 0.3 -nan 1.27985 -0.211083 100
-0.755619 -0.364777 0.173065 0.3 -nan 1.27101 -0.205223 100
-0.749474 -0.370939 0.174404 0.3 -nan 1.26175 -0.199061 100
-0.736678 -0.381772 0.335357 0.3 -nan 1.24444 -0.188228 100
-0.730536 -0.386204 0.151494 0.3 -nan 1.23815 -0.183796 90.5361
-0.724737 -0.39093 0.149543 0.3 -nan 1.23005 -0.17907 90.1107
-0.718197 -0.395168 0.155851 0.3 -nan 1.22549 -0.174832 97.147
-0.712059 -0.400361 0.160679 0.3 -nan 1.21506 -0.169639 100
-0.700338 -0.41068 0.312874 0.3 -nan 1.20376 -0.15932 100
-0.693967 -0.416408 0.171149 0.3 -nan 1.19809 -0.153592 100
-0.686884 -0.42239 0.185701 0.3 -nan 1.1858 -0.14761 100
-0.674532 -0.432134 0.314476 0.3 -nan 1.17408 -0.137866 100
-0.667459 -0.43725 0.174631 0.3 -nan 1.16707 -0.13275 100
-0.660509 -0.442683 0.176439 0.3 -nan 1.1579 -0.127317 100
-0.653427 -0.44816 0.179064 0.3 -nan 1.15054 -0.12184 100
-0.639323 -0.458206 0.346441 0.3 -nan 1.12886 -0.111794 100
-0.633179 -0.462502 0.149944 0.3 -nan 1.12409 -0.107498 100
-0.625878 -0.466998 0.171474 0.3 -nan 1.11948 -0.103002 100
-0.617163 -0.470977 0.19152 0.3 -nan 1.10499 -0.099023 100
-0.602459 -0.479469 0.339862 0.3 -nan 1.09071 -0.090531 100
-0.593668 -0.484472 0.202355 0.3 -nan 1.06878 -0.085528 100
-0.58654 -0.48839 0.162578 0.3 -nan 1.06929 -0.08161 100
-0.57886 -0.49267 0.175929 0.3 -nan 1.05744 -0.07733 100
-0.56513 -0.500714 0.318345 0.3 -nan 1.0394 -0.069286 100
-0.55818 -0.504789 0.1611 0.3 -nan 1.03083 -0.065211 100
-0.551891 -0.508155 0.142713 0.3 -nan 1.02565 -0.061845 100
-0.545071 -0.512295 0.159531 0.3 -nan 1.01799 -0.057705 100
-0.530469 -0.520579 0.335864 0.3 -nan 0.997119 -0.049421 100
-0.522674 -0.524994 0.179169 0.3 -nan 0.997102 -0.045006 100
-0.515461 -0.528925 0.164264 0.3 -nan 0.985804 -0.041075 100
-0.507529 -0.532179 0.17136 0.3 -nan 0.979628 -0.037821 100
-0.492377 -0.539134 0.333756 0.3 -nan 0.962673 -0.030866 100
-0.485009 -0.543417 0.170545 0.3 -nan 0.957309 -0.026583 100
-0.47672 -0.547607 0.18561 0.3 -nan 0.948228 -0.022393 100
-0.468425 -0.551518 0.181677 0.3 -nan 0.937964 -0.018482 100
-0.452128 -0.559504 0.366855 0.3 -nan 0.92033 -0.010496 100
-0.443792 -0.562216 0.175222 0.3 -nan 0.909923 -0.00778401 100
-0.435846 -0.564626 0.166072 0.3 -nan 0.90244 -0.00537401 100
-0.427753 -0.567378 0.170925 0.3 -nan 0.894426 -0.00262201 100
-0.411014 -0.573477 0.35645 0.3 -nan 0.874486 0.00347704 100
-0.403085 -0.575862 0.165641 0.3 -nan 0.860336 0.005862 100
-0.393872 -0.578538 0.191467 0.3 -nan 0.853752 0.00853801 100
-0.38569 -0.580336 0.16789 0.3 -nan 0.850838 0.010336 100
-0.378722 -0.582415 0.145503 0.3 -nan 0.835781 0.012415 100
-0.363651 -0.588173 0.322718 0.3 -nan 0.823796 0.018173 100
-0.355281 -0.590774 0.175183 0.3 -nan 0.815769 0.020774 100
-0.348276 -0.593608 0.151168 0.3 -nan 0.806514 0.023608 100
-0.332362 -0.598607 0.333749 0.3 -nan 0.794496 0.028607 100
-0.324667 -0.6006 0.15898 0.3 -nan 0.782247 0.0306 100
-0.317282 -0.602223 0.151206 0.3 -nan 0.776548 0.032223 100
-0.310284 -0.605339 0.153197 0.3 -nan 0.768467 0.035339 100
-0.294969 -0.607859 0.310665 0.3 -nan 0.749914 0.037859 100
-0.286386 -0.610271 0.178299 0.3 -nan 0.74517 0.040271 100
-0.278606 -0.611273 0.15683 0.3 -nan 0.733937 0.041273 100
-0.269227 -0.612072 0.188215 0.3 -nan 0.727574 0.042072 100
-0.259798 -0.612929 0.189252 0.3 -nan 0.714922 0.042929 100
-0.242247 -0.616695 0.359 0.3 -nan 0.697298 0.046695 100
-0.234004 -0.617311 0.165545 0.3 -nan 0.686524 0.047311 100
-0.224994 -0.61971 0.185479 0.3 -nan 0.681276 0.04971 100
-0.216145 -0.621675 0.182372 0.3 -nan 0.676127 0.051675 100
-0.200503 -0.622669 0.313338 0.3 -nan 0.654575 0.052669 100
-0.192188 -0.624675 0.171006 0.3 -nan 0.643971 0.054675 100
-0.18492 -0.624771 0.145385 0.3 -nan 0.639601 0.054771 100
-0.177563 -0.626103 0.149489 0.3 -nan 0.629355 0.056103 100
-0.162152 -0.629539 0.316118 0.3 -nan 0.613922 0.059539 100
-0.154327 -0.629391 0.156471 0.3 -nan 0.607999 0.059391 100
-0.145977 -0.630393 0.168139 0.3 -nan 0.608188 0.060393 100
-0.127223 -0.632453 0.374329 0.3 -nan 0.595678 0.062453 100
-0.118625 -0.63241 0.173514 0.3 -nan 0.581104 0.06241 100
-0.109952 -0.633556 0.174963 0.3 -nan 0.57395 0.063556 100
-0.109952 -0.633556 0.174963 0.3 -nan 0.57395 0.063556 100
-0.109952 -0.633556 0.174963 0.3 -nan 0.57395 0.063556 100
-0.074135 -0.63538 0.239083 0.3 -nan 0.539319 0.06538 100
-0.065213 -0.635238 0.178521 0.3 -nan 0.526871 0.065238 100
-0.055685 -0.6351 0.190602 0.3 -nan 0.523265 0.0651 100
-0.046312 -0.635144 0.186884 0.3 -nan 0.507894 0.065144 100
-0.029896 -0.634102 0.330063 0.3 -nan 0.491906 0.064102 100
-0.021333 -0.633753 0.171264 0.3 -nan 0.485942 0.063753 100
-0.013908 -0.632911 0.149621 0.3 -nan 0.469604 0.062911 100
-0.005084 -0.633623 0.176954 0.3 -nan 0.479083 0.063623 100
0.010756 -0.630965 0.321274 0.3 -nan 0.456214 0.060965 100
0.019626 -0.6322 0.17918 0.3 -nan 0.457669 0.0622 100
0.027353 -0.630739 0.157313 0.3 -nan 0.443104 0.060739 100
0.044294 -0.631579 0.339353 0.3 -nan 0.432406 0.061579 100
0.051522 -0.628887 0.154169 0.3 -nan 0.420558 0.058887 100
0.059385 -0.627863 0.158674 0.3 -nan 0.415254 0.057863 100
0.067922 -0.628715 0.171577 0.3 -nan 0.41909 0.058715 100
0.082413 -0.624746 0.300663 0.3 -nan 0.394098 0.054746 100
0.090587 -0.624199 0.163768 0.3 -nan 0.378602 0.054199 100
0.099325 -0.624241 0.174669 0.3 -nan 0.381653 0.054241 100
0.107526 -0.622764 0.166815 0.3 -nan 0.362031 0.052764 100
0.123387 -0.615822 0.346375 0.3 -nan 0.354175 0.045822 100
0.132237 -0.614272 0.179768 0.3 -nan 0.334489 0.044272 100
0.141151 -0.613588 0.178589 0.3 -nan 0.3404 0.043588 100
0.148383 -0.611199 0.152476 0.3 -nan 0.312784 0.041199 100
0.157136 -0.607646 0.188911 0.3 -nan 0.306538 0.037646 100
0.172873 -0.604353 0.321374 0.3 -nan 0.293453 0.034353 100
0.181449 -0.60266 0.174819 0.3 -nan 0.277238 0.03266 100
0.188793 -0.601388 0.149081 0.3 -nan 0.292004 0.031388 100
0.196158 -0.599657 0.151475 0.3 -nan 0.290449 0.029657 100
0.210887 -0.597222 0.29844 0.3 -nan 0.268393 0.027222 91.207
0.218735 -0.595558 0.160537 0.3 -nan 0.263336 0.025558 100
0.22655 -0.59297 0.164393 0.3 -nan 0.240654 0.02297 96.3151
0.24374 -0.589305 0.352017 0.3 -nan 0.238041 0.019305 74.3216
0.25049 -0.585374 0.156158 0.3 -nan 0.218957 0.015374 80.4803
0.258899 -0.58294 0.175206 0.3 -nan 0.191856 0.01294 67.4055
0.266783 -0.580525 0.164678 0.3 -nan 0.203438 0.010525 67.8335
0.284413 -0.57571 0.366152 0.3 -nan 0.199434 0.00571001 54.5754
0.292787 -0.572258 0.181091 0.3 -nan 0.170582 0.002258 46.4593
0.301516 -0.569868 0.181081 0.3 -nan 0.159394 -0.000131965 40.2704
0.310192 -0.567474 0.179913 0.3 -nan 0.168022 -0.00252599 39.082
0.326283 -0.561951 0.340512 0.3 -nan 0.140042 -0.00804901 29.5452
0.334571 -0.560447 0.168476 0.3 -nan 0.113947 -0.00955302 14.5445
0.342211 -0.557193 0.165916 0.3 -nan 0.123027 -0.012807 11.6724
0.350557 -0.555492 0.170426 0.3 -nan 0.128925 -0.014508 11.168
0.366929 -0.551374 0.337247 0.3 -nan 0.111185 -0.018626 14.2161
0.375689 -0.550107 0.177339 0.3 -nan 0.0854124 -0.019893 -6.67408
0.384648 -0.548566 0.181795 0.3 -nan 0.106745 -0.021434 -2.69431
0.39298 -0.548046 0.166974 0.3 -nan 0.101746 -0.021954 -7.35673
0.401603 -0.548109 0.172076 0.3 -nan 0.101021 -0.021891 -6.47629
0.418297 -0.547453 0.33478 0.3 -nan 0.107649 -0.022547 10.2543
0.427278 -0.546371 0.181028 0.3 -nan 0.0996128 -0.023629 -7.6599
0.436315 -0.545383 0.18179 0.3 -nan 0.0928408 -0.024617 -10.5977
0.445913 -0.545435 0.192002 0.3 -nan 0.0938111 -0.024565 -8.48701
0.463255 -0.546669 0.347721 0.3 -nan 0.100387 -0.023331 8.47469
0.471001 -0.546079 0.155281 0.3 -nan 0.0977769 -0.023921 -13.9776
0.479599 -0.545862 0.172218 0.3 -nan 0.100175 -0.024138 -9.91821
0.49853 -0.545187 0.378859 0.3 -nan 0.103956 -0.024813 9.78564
0.507693 -0.545361 0.18327 0.3 -nan 0.0620419 -0.024639 -18.1721
0.517077 -0.545068 0.187812 0.3 -nan 0.101368 -0.024932 -7.76908
0.517077 -0.545068 0.187812 0.3 -nan 0.101368 -0.024932 -7.76908
0.517077 -0.545068 0.187812 0.3 -nan 0.101368 -0.024932 -7.76908
0.517077 -0.545068 0.187812 0.3 -nan 0.101368 -0.024932 -7.76908
