Desired velocity: 0.2
Waypoints: 
-1.01,-0.57
1.46,-0.57
1.46,1.45
-1,1.45
x       y       velocity      desired_vel     vel_output      heading    crosstrack_error   steer_angle
-0.925028 1.36157 0 0.2 22 1.73793 -1.93157 42.4185
-0.925019 1.36155 0 0.2 24 1.73803 -1.93155 42.4446
-0.925031 1.36155 0 0.2 26 1.73814 -1.93156 42.4743
-0.925053 1.36155 0.005 0.2 27.45 1.73785 -1.93155 43.057
-0.924968 1.36154 0.018 0.2 27.97 1.73868 -1.93154 44.975
-0.925083 1.36098 0.025 0.2 29.02 1.74112 -1.93098 46.5145
-0.925729 1.35915 0.034 0.2 29.78 1.74358 -1.92915 48.3271
-0.924924 1.35415 0.042 0.2 30.56 1.7406 -1.92415 48.6357
-0.924712 1.35162 0.055 0.2 30.71 1.73899 -1.92162 49.9523
-0.924454 1.3482 0.063 0.2 31.28 1.73469 -1.9182 49.9303
-0.924883 1.34389 0.071 0.2 31.77 1.71044 -1.91389 44.8533
-0.922785 1.33519 0.082 0.2 31.85 1.73906 -1.90518 53.6248
-0.922172 1.33012 0.089 0.2 32.26 1.72866 -1.90012 51.9475
-0.92301 1.32588 0.098 0.2 32.38 1.70694 -1.89588 47.6622
-0.922431 1.32073 0.103 0.2 32.85 1.7 -1.89073 46.6052
-0.920651 1.30954 0.105 0.2 33.6 1.6942 -1.87954 45.4859
-0.91961 1.30346 0.11 0.2 34 1.69211 -1.87346 45.675
-0.918827 1.29718 0.114 0.2 34.46 1.68634 -1.86718 44.8016
-0.917457 1.29147 0.119 0.2 34.77 1.68751 -1.86147 45.8256
-0.914043 1.28067 0.122 0.2 35.25 1.7148 -1.85067 53.2561
-0.912676 1.27394 0.125 0.2 35.7 1.70455 -1.84394 51.1272
-0.911355 1.26757 0.129 0.2 36.01 1.70197 -1.83757 51.0816
-0.911428 1.26148 0.129 0.2 36.72 1.67529 -1.83148 44.3677
-0.906887 1.24925 0.129 0.2 37.43 1.67663 -1.81925 44.8275
-0.908531 1.24285 0.129 0.2 38.14 1.66824 -1.81285 42.762
-0.907449 1.2361 0.129 0.2 38.85 1.66529 -1.8061 42.0795
-0.903753 1.22926 0.129 0.2 39.56 1.66991 -1.79926 43.3217
-0.901718 1.21802 0.138 0.2 39.28 1.68148 -1.78802 47.6426
-0.900963 1.21163 0.145 0.2 39.13 1.65249 -1.78163 41.3458
-0.89941 1.20535 0.148 0.2 39.35 1.64883 -1.77535 40.9148
-0.897152 1.19818 0.153 0.2 39.32 1.66556 -1.76818 45.959
-0.894173 1.18417 0.154 0.2 39.68 1.63926 -1.75417 39.6011
-0.89239 1.17652 0.158 0.2 39.7 1.63675 -1.74652 39.6387
-0.890284 1.16895 0.159 0.2 40.01 1.6321 -1.73895 38.7013
-0.888317 1.1603 0.162 0.2 40.09 1.63047 -1.7303 38.8389
-0.882757 1.14359 0.166 0.2 40.03 1.64365 -1.71359 43.0018
-0.881477 1.13578 0.171 0.2 39.82 1.63896 -1.70578 42.6582
-0.879741 1.12779 0.173 0.2 39.89 1.6372 -1.69779 42.6267
-0.878277 1.11974 0.177 0.2 39.72 1.63318 -1.68974 42.3233
-0.876288 1.10479 0.177 0.2 39.95 1.61757 -1.67479 38.5955
-0.873835 1.09738 0.174 0.2 40.51 1.6068 -1.66738 35.5281
-0.87135 1.08887 0.174 0.2 40.77 1.60714 -1.65887 35.7483
-0.869769 1.08052 0.175 0.2 40.92 1.60206 -1.65052 34.7462
-0.865862 1.06628 0.175 0.2 41.17 1.5967 -1.63628 33.6174
-0.864541 1.06009 0.176 0.2 41.31 1.5891 -1.63009 31.9435
-0.862021 1.05279 0.175 0.2 41.66 1.60524 -1.62279 36.006
-0.861895 1.04548 0.173 0.2 42.13 1.59409 -1.61548 32.9896
-0.855393 1.02805 0.173 0.2 42.4 1.58329 -1.59805 30.5401
-0.852283 1.01877 0.177 0.2 42.23 1.58048 -1.58877 30.6164
-0.85017 1.01016 0.181 0.2 42.02 1.57599 -1.58016 30.2645
-0.848525 1.00162 0.184 0.2 41.88 1.57168 -1.57162 29.8033
-0.843843 0.986664 0.186 0.2 41.82 1.56834 -1.55666 29.5601
-0.842077 0.979745 0.187 0.2 41.85 1.56417 -1.54974 28.7968
-0.839997 0.971816 0.185 0.2 42.2 1.56303 -1.54182 28.3371
-0.837961 0.963233 0.185 0.2 42.35 1.56081 -1.53323 27.9421
-0.833674 0.945363 0.187 0.2 42.28 1.56544 -1.51536 29.8045
-0.831623 0.93691 0.189 0.2 42.19 1.54969 -1.50691 26.3104
-0.828703 0.928929 0.191 0.2 42.08 1.56487 -1.49893 30.6631
-0.827006 0.921477 0.192 0.2 42.06 1.54716 -1.49148 26.4955
-0.824483 0.913424 0.191 0.2 42.25 1.54585 -1.48342 26.1684
-0.819407 0.894793 0.19 0.2 42.45 1.53898 -1.46479 24.6641
-0.816322 0.884717 0.191 0.2 42.44 1.55183 -1.45472 28.3216
-0.8142 0.874952 0.193 0.2 42.31 1.53229 -1.44495 23.9271
-0.809123 0.858227 0.195 0.2 42.16 1.52503 -1.42823 22.825
-0.805891 0.850283 0.196 0.2 42.1 1.52377 -1.42028 22.8711
-0.803031 0.842109 0.196 0.2 42.14 1.53577 -1.41211 26.1158
-0.801532 0.833571 0.195 0.2 42.29 1.51863 -1.40357 21.7962
-0.795501 0.815447 0.194 0.2 42.45 1.51515 -1.38545 21.1865
-0.7931 0.807189 0.195 0.2 42.4 1.49089 -1.37719 15.4198
-0.790561 0.798548 0.197 0.2 42.23 1.49239 -1.36855 16.3869
-0.787699 0.790339 0.199 0.2 42.04 1.48575 -1.36034 15.2812
-0.782937 0.774188 0.2 0.2 41.94 1.48467 -1.34419 15.6289
-0.780593 0.765326 0.198 0.2 42.16 1.48147 -1.33533 14.691
-0.778463 0.755394 0.197 0.2 42.29 1.47649 -1.32539 13.5148
-0.777222 0.745299 0.198 0.2 42.21 1.48049 -1.3153 15.0031
-0.770352 0.728388 0.198 0.2 42.23 1.47016 -1.29839 12.8662
-0.768922 0.720197 0.199 0.2 42.14 1.46688 -1.2902 12.4659
-0.76693 0.712576 0.198 0.2 42.26 1.46839 -1.28258 12.8842
-0.76439 0.704644 0.195 0.2 42.61 1.46566 -1.27464 11.8441
-0.760025 0.687822 0.193 0.2 42.88 1.46737 -1.25782 12.3931
-0.757231 0.67894 0.193 0.2 42.95 1.46299 -1.24894 11.5521
-0.754414 0.67031 0.194 0.2 42.91 1.46176 -1.24031 11.7062
-0.751781 0.661661 0.197 0.2 42.64 1.46324 -1.23166 12.9559
-0.747407 0.645704 0.199 0.2 42.45 1.45937 -1.2157 12.8991
-0.745137 0.637006 0.198 0.2 42.57 1.46137 -1.20701 13.4939
-0.741983 0.628683 0.196 0.2 42.81 1.45819 -1.19868 12.5553
-0.739539 0.618948 0.195 0.2 42.96 1.45279 -1.18895 11.3086
-0.734464 0.601055 0.196 0.2 42.9 1.45041 -1.17106 11.5335
-0.732671 0.592151 0.199 0.2 42.61 1.44596 -1.16215 11.3592
-0.730342 0.583354 0.2 0.2 42.51 1.4407 -1.15335 10.5601
-0.727648 0.575492 0.2 0.2 42.51 1.43865 -1.14549 10.3327
-0.722006 0.558025 0.198 0.2 42.73 1.43674 -1.12803 10.076
-0.718453 0.548822 0.196 0.2 42.97 1.43931 -1.11882 10.6452
-0.716384 0.540466 0.196 0.2 43.01 1.47044 -1.11047 18.8708
-0.715017 0.529752 0.199 0.2 42.72 1.48798 -1.09975 24.4163
-0.708649 0.512942 0.201 0.2 42.51 1.43513 -1.08294 12.1449
-0.704454 0.503217 0.202 0.2 42.39 1.42407 -1.07322 9.97969
-0.703228 0.496749 0.201 0.2 42.48 1.44168 -1.06675 14.4992
-0.699042 0.487667 0.194 0.2 43.24 1.44752 -1.05767 14.7528
-0.694354 0.470842 0.194 0.2 43.3 1.45434 -1.04084 17.2114
-0.690917 0.462157 0.197 0.2 43.03 1.45535 -1.03216 18.5666
-0.687278 0.45247 0.199 0.2 42.84 1.43113 -1.02247 13.3398
-0.685078 0.445591 0.201 0.2 42.63 1.44076 -1.01559 16.5873
-0.679513 0.428774 0.201 0.2 42.62 1.45995 -0.998774 22.2706
-0.677702 0.422363 0.199 0.2 42.83 1.43732 -0.992363 16.3517
-0.671829 0.408177 0.199 0.2 42.84 1.40968 -0.978177 10.047
-0.671503 0.400341 0.2 0.2 42.74 1.43595 -0.970341 17.366
-0.665389 0.382865 0.201 0.2 42.63 1.4093 -0.952865 11.7758
-0.659426 0.374361 0.203 0.2 42.4 1.40438 -0.944361 11.5022
-0.659725 0.368285 0.203 0.2 42.37 1.41975 -0.938285 15.7409
-0.656495 0.36061 0.195 0.2 43.22 1.39698 -0.93061 8.30808
-0.65156 0.342202 0.193 0.2 43.49 1.42023 -0.912202 14.7053
-0.648535 0.334871 0.194 0.2 43.45 1.40718 -0.904871 12.0764
-0.644915 0.327355 0.196 0.2 43.29 1.40624 -0.897355 12.8147
-0.641918 0.318591 0.198 0.2 43.11 1.41116 -0.888591 15.1296
-0.633194 0.30082 0.199 0.2 43.02 1.41152 -0.87082 16.5957
-0.630818 0.292731 0.197 0.2 43.25 1.4233 -0.862731 19.5428
1000 1000 0.197 0.2 43.28 1.39628 -1000.57 -44.2439
-0.621264 0.267736 0.201 0.2 42.87 1.40284 -0.837736 17.1373
-0.617143 0.255365 0.203 0.2 42.64 1.39511 -0.825365 16.6191
-0.617612 0.251445 0.204 0.2 42.5 1.39725 -0.821445 17.7348
-0.61221 0.240392 0.201 0.2 42.79 1.39295 -0.810392 16.5684
-0.60989 0.23162 0.198 0.2 43.11 1.39719 -0.80162 17.3968
1000 1000 0.197 0.2 43.24 1.39628 -1000.57 -44.2439
-0.598822 0.20641 0.198 0.2 43.16 1.38103 -0.77641 15.2111
-0.591014 0.18867 0.2 0.2 42.96 1.39582 -0.75867 21.0091
-0.587927 0.178777 0.202 0.2 42.74 1.39414 -0.748777 22.0421
-0.583965 0.170334 0.203 0.2 42.61 1.38153 -0.740334 19.8866
-0.580484 0.162461 0.202 0.2 42.69 1.37314 -0.732461 18.1311
-0.573997 0.14518 0.201 0.2 42.78 1.38173 -0.71518 21.5523
-0.569129 0.136653 0.2 0.2 42.88 1.37311 -0.706653 19.8276
-0.564673 0.128045 0.2 0.2 42.88 1.3661 -0.698045 18.8676
-0.562115 0.119947 0.202 0.2 42.66 1.37469 -0.689947 22.5147
-0.554404 0.104621 0.202 0.2 42.64 1.36087 -0.674621 20.5599
-0.550488 0.096346 0.198 0.2 43.06 1.35769 -0.666346 19.2199
-0.548013 0.086844 0.197 0.2 43.19 1.36708 -0.656844 22.2496
-0.542321 0.077331 0.197 0.2 43.22 1.36614 -0.647331 23.0372
-0.534754 0.058486 0.2 0.2 42.92 1.35724 -0.628486 23.9949
-0.530722 0.049032 0.203 0.2 42.59 1.3521 -0.619032 24.9194
-0.528209 0.039309 0.206 0.2 42.23 1.35326 -0.609309 27.5341
-0.524463 0.03127 0.208 0.2 41.95 1.34897 -0.60127 28.2286
-0.517184 0.017058 0.207 0.2 41.98 1.35122 -0.587058 30.309
-0.513888 0.009373 0.204 0.2 42.24 1.34505 -0.579373 28.6289
-0.509364 0.001144 0.202 0.2 42.42 1.32957 -0.571144 25.0566
-0.506315 -0.00641 0.2 0.2 42.62 1.34564 -0.56359 29.4043
-0.498789 -0.021231 0.199 0.2 42.73 1.33497 -0.548769 28.4406
-0.49413 -0.028786 0.195 0.2 43.18 1.32266 -0.541214 24.7936
-0.490494 -0.037659 0.193 0.2 43.45 1.33731 -0.532341 29.0152
-0.486196 -0.045639 0.193 0.2 43.52 1.32576 -0.524361 27.3198
-0.476684 -0.063572 0.196 0.2 43.26 1.32479 -0.506428 31.2847
-0.471677 -0.071084 0.196 0.2 43.3 1.30955 -0.498916 28.701
-0.469927 -0.077595 0.2 0.2 42.9 1.31836 -0.492405 33.851
-0.466436 -0.084788 0.2 0.2 42.9 1.31194 -0.485212 33.5323
-0.457223 -0.101595 0.197 0.2 43.23 1.31388 -0.468405 35.8391
-0.454027 -0.109762 0.198 0.2 43.15 1.30404 -0.460238 35.4105
-0.449478 -0.11823 0.199 0.2 43.06 1.29839 -0.45177 36.1714
-0.444862 -0.126289 0.202 0.2 42.74 1.29701 -0.443711 38.9399
-0.436215 -0.141183 0.203 0.2 42.61 1.29562 -0.428817 42.3772
-0.429775 -0.149587 0.202 0.2 42.69 1.30004 -0.420413 44.9632
-0.42481 -0.158575 0.201 0.2 42.78 1.28922 -0.411425 43.8757
-0.421069 -0.168115 0.201 0.2 42.77 1.28439 -0.401885 45.0134
-0.41073 -0.184578 0.201 0.2 42.76 1.28804 -0.385422 50.2406
-0.405577 -0.192466 0.203 0.2 42.53 1.28317 -0.377534 52.2132
-0.400235 -0.199245 0.203 0.2 42.5 1.26847 -0.370755 50.4101
-0.395419 -0.206439 0.203 0.2 42.47 1.2623 -0.363561 50.951
-0.385626 -0.220814 0.2 0.2 42.77 1.26273 -0.349186 53.8271
-0.37936 -0.228558 0.199 0.2 42.88 1.25569 -0.341442 53.9548
-0.373355 -0.236232 0.2 0.2 42.78 1.25491 -0.333768 56.8426
-0.368077 -0.243639 0.202 0.2 42.56 1.25139 -0.326361 59.6008
-0.357652 -0.257117 0.203 0.2 42.43 1.24649 -0.312883 63.7631
-0.352585 -0.265016 0.202 0.2 42.51 1.23975 -0.304984 64.454
-0.347032 -0.273141 0.201 0.2 42.6 1.23679 -0.296859 66.2878
-0.341689 -0.281664 0.2 0.2 42.7 1.22963 -0.288336 67.3287
-0.32991 -0.295907 0.2 0.2 42.7 1.21848 -0.274093 70.5729
-0.323581 -0.303222 0.198 0.2 42.92 1.22131 -0.266778 73.3503
-0.318446 -0.310341 0.196 0.2 43.16 1.21603 -0.259659 74.0658
-0.313033 -0.315863 0.195 0.2 43.31 1.20227 -0.254137 72.5767
-0.302164 -0.328349 0.193 0.2 43.58 1.1939 -0.241651 75.3899
-0.296158 -0.334604 0.192 0.2 43.76 1.19171 -0.235396 77.4416
-0.290077 -0.340048 0.191 0.2 43.95 1.18277 -0.229952 77.4373
-0.283564 -0.345565 0.192 0.2 43.93 1.1779 -0.224435 79.8921
-0.270091 -0.357264 0.193 0.2 43.9 1.15614 -0.212736 81.7607
-0.265031 -0.362904 0.194 0.2 43.86 1.15665 -0.207096 85.9417
-0.258904 -0.368653 0.193 0.2 44.03 1.15053 -0.201347 87.3026
-0.252476 -0.375159 0.192 0.2 44.21 1.14704 -0.194841 89.9225
-0.245723 -0.381188 0.191 0.2 44.4 1.14219 -0.188812 92.0173
-0.232596 -0.393064 0.192 0.2 44.38 1.12896 -0.176936 97.5567
-0.226468 -0.398646 0.194 0.2 44.24 1.11801 -0.171354 100
-0.219866 -0.405122 0.195 0.2 44.19 1.1171 -0.164878 100
-0.206032 -0.415818 0.196 0.2 44.13 1.09902 -0.154182 100
-0.197975 -0.420998 0.196 0.2 44.17 1.0909 -0.149002 100
-0.188966 -0.42567 0.196 0.2 44.21 1.07831 -0.14433 100
-0.179915 -0.430814 0.2 0.2 43.81 1.07059 -0.139186 100
-0.163988 -0.441082 0.201 0.2 43.7 1.04726 -0.128918 100
-0.156045 -0.4462 0.202 0.2 43.58 1.04108 -0.1238 100
-0.148718 -0.450586 0.201 0.2 43.67 1.03197 -0.119414 100
-0.141164 -0.454956 0.197 0.2 44.1 1.02471 -0.115044 100
-0.124494 -0.464024 0.194 0.2 44.46 1.0082 -0.105976 100
-0.116413 -0.469102 0.193 0.2 44.63 1.00065 -0.100898 100
-0.108361 -0.473257 0.193 0.2 44.7 0.990544 -0.096743 100
-0.10052 -0.476973 0.193 0.2 44.77 0.981925 -0.093027 100
-0.084851 -0.485015 0.193 0.2 44.84 0.968604 -0.084985 100
-0.076849 -0.488725 0.194 0.2 44.8 0.964299 -0.081275 100
-0.068028 -0.492633 0.193 0.2 44.97 0.954122 -0.077367 100
-0.059265 -0.497087 0.196 0.2 44.71 0.946458 -0.072913 100
-0.0431 -0.505193 0.198 0.2 44.53 0.926592 -0.064807 100
-0.035319 -0.508693 0.202 0.2 44.11 0.9183 -0.061307 100
-0.027121 -0.511571 0.202 0.2 44.09 0.910766 -0.058429 100
-0.018241 -0.515042 0.201 0.2 44.18 0.896873 -0.054958 100
-0.000624 -0.521997 0.198 0.2 44.5 0.880379 -0.048003 100
0.007594 -0.52534 0.196 0.2 44.74 0.868337 -0.04466 100
0.015688 -0.527719 0.196 0.2 44.78 0.860983 -0.042281 100
0.023884 -0.53039 0.195 0.2 44.93 0.852038 -0.03961 100
0.040308 -0.535875 0.194 0.2 45.09 0.836879 -0.034125 100
0.048728 -0.53771 0.196 0.2 44.93 0.833226 -0.03229 100
0.056149 -0.539506 0.196 0.2 44.97 0.827631 -0.030494 100
0.064179 -0.542554 0.196 0.2 45.01 0.812603 -0.027446 100
0.08094 -0.548695 0.197 0.2 44.94 0.809269 -0.021305 100
0.089258 -0.550542 0.198 0.2 44.86 0.796672 -0.019458 100
0.097275 -0.553367 0.198 0.2 44.88 0.780036 -0.016633 100
0.105576 -0.555656 0.198 0.2 44.9 0.778552 -0.014344 100
0.122196 -0.560974 0.198 0.2 44.92 0.755775 -0.00902599 100
0.132069 -0.563504 0.196 0.2 45.16 0.741948 -0.00649601 100
0.142904 -0.565567 0.197 0.2 45.09 0.727941 -0.00443298 100
0.153031 -0.567414 0.199 0.2 44.9 0.717539 -0.00258601 100
0.172182 -0.569551 0.202 0.2 44.58 0.703827 -0.000449002 100
0.182295 -0.570849 0.205 0.2 44.23 0.679004 0.000849009 100
0.192072 -0.574594 0.205 0.2 44.18 0.684043 0.00459403 100
0.201325 -0.576384 0.203 0.2 44.35 0.675463 0.00638402 100
0.219825 -0.579596 0.203 0.2 44.32 0.657349 0.00959599 100
0.227681 -0.580149 0.203 0.2 44.29 0.657233 0.010149 100
0.236397 -0.581573 0.203 0.2 44.26 0.65076 0.011573 100
0.24548 -0.583897 0.201 0.2 44.45 0.632151 0.013897 100
0.262474 -0.585386 0.198 0.2 44.77 0.634485 0.015386 100
0.271731 -0.586451 0.194 0.2 45.23 0.617684 0.016451 100
0.281839 -0.58713 0.194 0.2 45.29 0.614833 0.01713 100
0.292582 -0.588583 0.197 0.2 45.02 0.594414 0.018583 100
0.301657 -0.588392 0.198 0.2 44.94 0.590026 0.018392 100
0.31975 -0.591337 0.203 0.2 44.41 0.570297 0.021337 100
0.32842 -0.591103 0.205 0.2 44.16 0.549201 0.021103 100
0.337387 -0.591112 0.203 0.2 44.33 0.552125 0.021112 100
0.356472 -0.591328 0.203 0.2 44.3 0.531204 0.021328 100
0.364851 -0.591725 0.202 0.2 44.38 0.511947 0.021725 100
0.373513 -0.591452 0.201 0.2 44.47 0.511587 0.021452 100
0.382171 -0.590963 0.199 0.2 44.68 0.508276 0.020963 100
0.399203 -0.590574 0.198 0.2 44.8 0.493112 0.020574 100
0.407654 -0.590398 0.195 0.2 45.15 0.475283 0.020398 100
0.416467 -0.589904 0.195 0.2 45.2 0.472078 0.019904 100
0.425629 -0.588684 0.195 0.2 45.25 0.460336 0.018684 100
0.444234 -0.588134 0.195 0.2 45.3 0.443933 0.018134 100
0.453721 -0.588996 0.196 0.2 45.24 0.447523 0.018996 100
0.462417 -0.587469 0.196 0.2 45.28 0.43951 0.017469 100
0.470523 -0.587837 0.196 0.2 45.32 0.42665 0.017837 100
0.48757 -0.585465 0.197 0.2 45.25 0.404018 0.015465 100
0.497676 -0.586424 0.199 0.2 45.06 0.415571 0.016424 100
0.505778 -0.583151 0.2 0.2 44.96 0.374556 0.013151 100
0.515939 -0.582749 0.202 0.2 44.74 0.386395 0.012749 100
0.534854 -0.578903 0.202 0.2 44.72 0.338359 0.00890303 97.057
0.544824 -0.576988 0.204 0.2 44.48 0.36937 0.00698799 100
0.554602 -0.573541 0.204 0.2 44.44 0.323447 0.00354099 86.4981
0.56536 -0.572348 0.204 0.2 44.4 0.324521 0.00234801 85.2869
0.584108 -0.569728 0.204 0.2 44.36 0.322053 -0.000271976 81.4011
0.592954 -0.567796 0.202 0.2 44.54 0.272692 -0.002204 66.4421
0.602062 -0.566183 0.201 0.2 44.63 0.306919 -0.00381702 73.079
0.6095 -0.563623 0.2 0.2 44.73 0.278051 -0.00637698 62.4815
0.62776 -0.558158 0.198 0.2 44.95 0.24959 -0.011842 48.1861
0.636548 -0.555458 0.198 0.2 44.97 0.231134 -0.014542 40.0561
0.645375 -0.554677 0.2 0.2 44.77 0.22049 -0.015323 36.5545
0.654735 -0.554059 0.202 0.2 44.55 0.268283 -0.015941 48.1042
0.672277 -0.548059 0.204 0.2 44.31 0.206639 -0.021941 25.2529
0.68361 -0.547156 0.207 0.2 43.94 0.206665 -0.022844 24.5563
0.695857 -0.548512 0.208 0.2 43.76 0.193361 -0.021488 22.9489
0.706153 -0.546186 0.21 0.2 43.46 0.201185 -0.023814 22.4029
0.715232 -0.544364 0.21 0.2 43.36 0.183635 -0.025636 15.7765
0.725123 -0.541544 0.21 0.2 43.26 0.194721 -0.028456 15.2377
0.744163 -0.541255 0.209 0.2 43.27 0.164969 -0.028745 7.18048
0.75158 -0.540707 0.206 0.2 43.51 0.161499 -0.029293 5.13892
0.761759 -0.539272 0.205 0.2 43.56 0.169011 -0.030728 5.13349
0.781284 -0.538842 0.205 0.2 43.51 0.169592 -0.031158 4.76051
0.791118 -0.539569 0.205 0.2 43.46 0.158232 -0.030431 2.75738
0.800959 -0.539845 0.206 0.2 43.3 0.172559 -0.030155 6.90562
0.808555 -0.537952 0.207 0.2 43.13 0.168259 -0.032048 3.72005
0.826578 -0.538539 0.207 0.2 43.06 0.162737 -0.031461 3.02174
0.835022 -0.538653 0.203 0.2 43.43 0.143369 -0.031347 -2.49733
0.845653 -0.537918 0.203 0.2 43.4 0.156901 -0.032082 0.0400865
0.854931 -0.539539 0.204 0.2 43.26 0.156241 -0.030461 2.03496
0.873507 -0.539291 0.207 0.2 42.89 0.153237 -0.030709 1.51239
0.882854 -0.538395 0.207 0.2 42.82 0.159477 -0.031605 2.02171
0.892258 -0.539336 0.204 0.2 43.08 0.139943 -0.030664 -2.34862
0.903019 -0.538673 0.203 0.2 43.15 0.142905 -0.031327 -2.59066
0.913374 -0.539107 0.205 0.2 42.9 0.15835 -0.030893 2.22804
0.934286 -0.537661 0.206 0.2 42.74 0.156794 -0.032339 0.273957
0.943477 -0.538533 0.209 0.2 42.35 0.142432 -0.031467 -1.77816
0.952155 -0.538127 0.21 0.2 42.15 0.15367 -0.031873 0.772548
0.970014 -0.537838 0.204 0.2 42.71 0.134583 -0.032162 -5.52967
0.979915 -0.538297 0.201 0.2 43 0.143798 -0.031703 -3.20799
0.991551 -0.538088 0.2 0.2 43.1 0.142479 -0.031912 -3.99683
1.00078 -0.540262 0.202 0.2 42.88 0.108331 -0.029738 -9.60316
1.01804 -0.53748 0.204 0.2 42.64 0.138227 -0.03252 -5.03921
1.0267 -0.537144 0.205 0.2 42.49 0.133735 -0.032856 -6.39255
1.03525 -0.537407 0.203 0.2 42.66 0.139576 -0.032593 -4.98012
1.04662 -0.537585 0.202 0.2 42.74 0.141803 -0.032415 -4.3935
1.06702 -0.538677 0.202 0.2 42.72 0.140504 -0.031323 -3.38462
1.07729 -0.540254 0.204 0.2 42.48 0.141967 -0.029746 -0.717385
1.08699 -0.540099 0.206 0.2 42.22 0.141795 -0.029901 -0.596154
1.09576 -0.539556 0.207 0.2 42.05 0.141798 -0.030444 -1.07291
1.11132 -0.540717 0.206 0.2 42.09 0.139984 -0.029283 -0.309843
1.12015 -0.541258 0.201 0.2 42.58 0.141978 -0.028742 -0.0138354
1.12987 -0.541563 0.198 0.2 42.9 0.139706 -0.028437 -0.74613
1.13929 -0.541887 0.198 0.2 42.92 0.141822 -0.028113 0.197989
1.14794 -0.541549 0.198 0.2 42.94 0.139468 -0.028451 -0.824102
1.16551 -0.541454 0.197 0.2 43.07 0.140066 -0.028546 -0.973444
1.17482 -0.541381 0.197 0.2 43.1 0.141672 -0.028619 -0.657969
1.18461 -0.541226 0.197 0.2 43.13 0.145536 -0.028774 0.127178
1.20375 -0.541615 0.2 0.2 42.83 0.137133 -0.028385 -0.97731
Acheived waypoint: 1
1.21279 -0.543193 0.202 0.2 42.61 1.68188 -0.247207 100
1.22049 -0.541191 0.203 0.2 42.48 1.70953 -0.239511 100
1.22882 -0.541352 0.203 0.2 42.45 1.7069 -0.231182 100
1.24711 -0.542442 0.203 0.2 42.42 1.70544 -0.212888 100
1.2573 -0.54228 0.201 0.2 42.61 1.70525 -0.202701 100
1.26799 -0.541968 0.2 0.2 42.71 1.70471 -0.192008 100
1.27838 -0.541681 0.201 0.2 42.6 1.70312 -0.18162 100
1.28777 -0.539765 0.204 0.2 42.26 1.70131 -0.172227 100
1.3057 -0.534694 0.205 0.2 42.11 1.68753 -0.154302 100
1.31459 -0.531962 0.203 0.2 42.28 1.68044 -0.145409 100
1.32376 -0.529365 0.2 0.2 42.58 1.67158 -0.13624 100
1.34094 -0.5222 0.196 0.2 43.02 1.65275 -0.119057 100
1.34872 -0.517899 0.196 0.2 43.06 1.64592 -0.111281 100
1.35622 -0.514647 0.193 0.2 43.43 1.63689 -0.103783 100
1.36338 -0.511612 0.192 0.2 43.61 1.6302 -0.096619 100
1.37074 -0.508694 0.189 0.2 44.02 1.62499 -0.089265 100
1.37812 -0.505194 0.188 0.2 44.24 1.61817 -0.0818831 100
1.39355 -0.497441 0.185 0.2 44.69 1.6012 -0.0664541 100
1.40159 -0.493042 0.185 0.2 44.84 1.59534 -0.058408 100
1.41004 -0.488508 0.188 0.2 44.66 1.58811 -0.049963 100
1.42719 -0.478797 0.191 0.2 44.45 1.56932 -0.032812 100
1.43561 -0.475301 0.196 0.2 43.99 1.55889 -0.024386 100
1.44365 -0.471974 0.198 0.2 43.81 1.55173 -0.01635 100
1.45073 -0.466519 0.199 0.2 43.72 1.54219 -0.00927305 100
1.46648 -0.455827 0.197 0.2 43.95 1.52147 0.00648201 100
1.47436 -0.451502 0.199 0.2 43.76 1.51133 0.014359 100
1.48126 -0.446995 0.2 0.2 43.66 1.50411 0.021256 100
1.48813 -0.442428 0.198 0.2 43.88 1.49557 0.028132 100
1.50195 -0.433219 0.197 0.2 44.01 1.47948 0.041947 100
1.5086 -0.428459 0.194 0.2 44.37 1.46979 0.0486 100
1.51541 -0.423384 0.193 0.2 44.54 1.46533 0.0554099 100
1.52892 -0.411885 0.193 0.2 44.61 1.44952 0.068918 100
1.53651 -0.406614 0.193 0.2 44.68 1.43501 0.07651 100
1.5442 -0.401291 0.192 0.2 44.86 1.42604 0.0841969 100
1.55122 -0.395945 0.194 0.2 44.72 1.41743 0.091223 100
1.55783 -0.390791 0.194 0.2 44.78 1.41313 0.0978299 100
1.5723 -0.380956 0.195 0.2 44.73 1.3948 0.112302 100
1.57958 -0.375525 0.197 0.2 44.56 1.38456 0.119585 100
1.5861 -0.36943 0.198 0.2 44.48 1.37756 0.126101 100
1.5931 -0.36291 0.199 0.2 44.39 1.36264 0.133096 100
1.60724 -0.34975 0.201 0.2 44.18 1.34426 0.147242 100
1.61382 -0.342837 0.203 0.2 43.95 1.3362 0.15382 100
1.6209 -0.335499 0.203 0.2 43.92 1.32434 0.1609 100
1.62815 -0.327894 0.204 0.2 43.78 1.31598 0.168154 100
1.64222 -0.314751 0.204 0.2 43.74 1.2938 0.182223 100
1.64854 -0.308709 0.203 0.2 43.81 1.28358 0.188542 100
1.65478 -0.302707 0.202 0.2 43.89 1.27562 0.194779 100
1.66122 -0.296526 0.199 0.2 44.2 1.26882 0.201225 100
1.67381 -0.283692 0.197 0.2 44.43 1.26109 0.21381 100
1.68026 -0.277311 0.196 0.2 44.57 1.24894 0.220259 100
1.68606 -0.270469 0.196 0.2 44.61 1.23634 0.226062 100
1.69166 -0.263926 0.197 0.2 44.54 1.22977 0.231658 100
1.70317 -0.250603 0.197 0.2 44.57 1.21644 0.243174 100
1.70917 -0.242954 0.198 0.2 44.49 1.20206 0.249166 100
1.7157 -0.235229 0.199 0.2 44.4 1.19526 0.255697 100
1.72317 -0.228237 0.201 0.2 44.19 1.18446 0.26317 100
1.73462 -0.21177 0.203 0.2 43.96 1.16219 0.274622 100
1.73967 -0.203355 0.203 0.2 43.93 1.15439 0.279673 100
1.74573 -0.195651 0.203 0.2 43.9 1.14001 0.285732 100
1.75169 -0.188583 0.204 0.2 43.76 1.13579 0.29169 100
1.76186 -0.174144 0.203 0.2 43.83 1.11462 0.301862 100
1.76691 -0.167041 0.2 0.2 44.13 1.10641 0.306914 100
1.77154 -0.159745 0.2 0.2 44.13 1.09569 0.311538 100
1.77637 -0.152499 0.199 0.2 44.24 1.08839 0.316366 100
1.78489 -0.137462 0.199 0.2 44.25 1.07715 0.324891 100
1.78924 -0.130062 0.198 0.2 44.37 1.06822 0.329241 100
1.79423 -0.122713 0.196 0.2 44.61 1.05627 0.334231 100
1.80014 -0.115501 0.194 0.2 44.87 1.05404 0.340144 100
1.80982 -0.100007 0.194 0.2 44.93 1.03096 0.349818 100
1.81433 -0.092581 0.195 0.2 44.88 1.02879 0.354332 100
1.81915 -0.084949 0.196 0.2 44.82 1.01942 0.359148 100
1.82358 -0.076765 0.198 0.2 44.64 1.01007 0.363577 100
1.83207 -0.059808 0.198 0.2 44.66 0.984593 0.372071 100
1.83613 -0.050947 0.199 0.2 44.57 0.97271 0.376128 100
1.83975 -0.041401 0.2 0.2 44.47 0.951199 0.379749 100
1.84409 -0.032752 0.205 0.2 43.92 0.952447 0.384086 100
1.85114 -0.014787 0.206 0.2 43.76 0.93199 0.391141 100
1.85479 -0.006635 0.206 0.2 43.7 0.912008 0.39479 100
1.85886 0.000925 0.204 0.2 43.86 0.913877 0.39886 100
1.86266 0.009484 0.199 0.2 44.37 0.90667 0.402657 100
1.87011 0.027755 0.196 0.2 44.71 0.872534 0.410113 100
1.87446 0.036017 0.195 0.2 44.86 0.878084 0.414456 100
1.87717 0.044788 0.196 0.2 44.8 0.860186 0.417172 100
1.88076 0.05248 0.197 0.2 44.73 0.864296 0.420758 100
1.88613 0.069442 0.197 0.2 44.76 0.832452 0.426126 100
1.88962 0.07784 0.197 0.2 44.79 0.83963 0.42962 100
1.893 0.087656 0.198 0.2 44.71 0.832348 0.433004 100
1.89593 0.097782 0.203 0.2 44.18 0.818821 0.435928 100
1.90293 0.114893 0.206 0.2 43.82 0.799835 0.442928 100
1.90363 0.124176 0.208 0.2 43.54 0.784062 0.443631 100
1.90487 0.133413 0.206 0.2 43.68 0.769235 0.444865 100
1.90889 0.142467 0.205 0.2 43.73 0.777097 0.448887 100
1.91352 0.161022 0.203 0.2 43.9 0.735643 0.453516 100
1.91551 0.169052 0.2 0.2 44.2 0.738175 0.455508 100
1.91682 0.177456 0.199 0.2 44.31 0.719152 0.456815 100
1.91858 0.185484 0.196 0.2 44.65 0.709166 0.458583 100
1.92226 0.202124 0.195 0.2 44.8 0.693564 0.462261 100
1.92423 0.21036 0.194 0.2 44.96 0.701324 0.464234 100
1.92472 0.219469 0.194 0.2 45.02 0.686169 0.464724 100
1.92625 0.228248 0.196 0.2 44.86 0.674002 0.46625 100
1.92936 0.244655 0.197 0.2 44.79 0.659959 0.469361 100
1.93098 0.252959 0.197 0.2 44.82 0.642719 0.470982 100
1.93255 0.261581 0.197 0.2 44.85 0.641192 0.47255 100
1.93519 0.269835 0.198 0.2 44.77 0.649045 0.475189 100
1.93649 0.289535 0.198 0.2 44.79 0.614924 0.476494 100
1.93733 0.29986 0.2 0.2 44.59 0.603154 0.477331 100
1.93836 0.309534 0.203 0.2 44.26 0.605662 0.478364 100
1.93816 0.319599 0.206 0.2 43.9 0.584765 0.478163 100
1.93872 0.339167 0.207 0.2 43.73 0.563563 0.478718 100
1.93843 0.348859 0.208 0.2 43.55 0.555244 0.478433 100
1.93929 0.3582 0.206 0.2 43.69 0.547352 0.479293 100
1.94006 0.367898 0.205 0.2 43.74 0.536231 0.480056 100
1.94161 0.385533 0.205 0.2 43.69 0.529404 0.481615 100
1.94193 0.394403 0.203 0.2 43.86 0.509908 0.481932 100
1.94198 0.402723 0.2 0.2 44.16 0.507389 0.481983 100
1.94249 0.411256 0.2 0.2 44.16 0.506987 0.482487 100
1.94217 0.428632 0.195 0.2 44.71 0.503599 0.482168 100
1.94088 0.43834 0.192 0.2 45.09 0.481925 0.480875 100
1.94064 0.44844 0.194 0.2 44.95 0.475185 0.480643 100
1.93919 0.457613 0.198 0.2 44.57 0.446055 0.479189 100
1000 1000 0.201 0.2 44.26 2.96707 998.54 100
1.93838 0.48377 0.203 0.2 44.03 0.415105 0.478378 100
1.93642 0.492299 0.203 0.2 44 0.408932 0.476422 100
1.93251 0.500551 0.202 0.2 44.08 0.40077 0.472508 100
1.93326 0.519978 0.203 0.2 43.95 0.375337 0.473264 100
1.93244 0.528838 0.203 0.2 43.92 0.367573 0.472439 100
1.93056 0.537543 0.202 0.2 44 0.346873 0.470563 100
1.92983 0.545727 0.2 0.2 44.2 0.341813 0.469828 100
1000 1000 0.198 0.2 44.42 2.96707 998.54 100
1.9267 0.566698 0.195 0.2 44.77 0.318871 0.466701 100
1.92337 0.584775 0.195 0.2 44.82 0.303219 0.463368 100
1.91817 0.592754 0.195 0.2 44.87 0.301354 0.458169 100
1.91869 0.602987 0.196 0.2 44.81 0.280345 0.458694 100
1.91709 0.611454 0.196 0.2 44.85 0.272394 0.457094 100
1.91391 0.62848 0.196 0.2 44.89 0.256558 0.453905 100
1.91255 0.637612 0.197 0.2 44.82 0.244888 0.452555 100
1.91071 0.646648 0.199 0.2 44.63 0.237238 0.450708 100
1.90523 0.65413 0.202 0.2 44.31 0.235387 0.445229 100
1.8994 0.672936 0.203 0.2 44.18 0.21465 0.439397 100
1.89613 0.68278 0.205 0.2 43.93 0.218562 0.436134 100
1.89315 0.691617 0.205 0.2 43.88 0.192071 0.433154 100
1.88999 0.701476 0.206 0.2 43.72 0.182152 0.429993 100
1.8818 0.721123 0.207 0.2 43.55 0.159537 0.421805 100
1.87869 0.730718 0.207 0.2 43.48 0.160913 0.418688 100
1.87606 0.739565 0.207 0.2 43.41 0.152189 0.416063 100
1.8737 0.748175 0.205 0.2 43.56 0.143228 0.413696 100
1.86873 0.765252 0.202 0.2 43.84 0.128869 0.408728 100
1.86767 0.775352 0.199 0.2 44.15 0.103264 0.407665 100
1.86174 0.782528 0.198 0.2 44.27 0.108065 0.401737 100
1.85832 0.790621 0.199 0.2 44.18 0.0983055 0.398323 100
1.85165 0.806378 0.199 0.2 44.19 0.0815831 0.391653 100
1.8479 0.814891 0.198 0.2 44.31 0.0760375 0.387899 100
1.84395 0.823618 0.199 0.2 44.22 0.0640931 0.383953 100
1.83964 0.832936 0.2 0.2 44.12 0.0561714 0.379643 100
1.83138 0.850801 0.202 0.2 43.9 0.0344627 0.37138 100
1.82565 0.858697 0.204 0.2 43.66 0.0239214 0.365649 100
1.82061 0.866959 0.204 0.2 43.62 0.00991107 0.360609 100
1.81689 0.875566 0.205 0.2 43.47 0.00212837 0.356886 100
1.81072 0.890557 0.204 0.2 43.53 0.0130747 0.350721 100
1.8051 0.897596 0.201 0.2 43.82 0.0250438 0.345098 100
1.80094 0.905019 0.2 0.2 43.92 0.0331292 0.340935 100
1.79663 0.912143 0.199 0.2 44.03 0.044523 0.336626 100
1.78778 0.927095 0.198 0.2 44.15 0.0609821 0.327779 100
1.78313 0.934519 0.197 0.2 44.28 0.0690585 0.323133 100
1.77793 0.942029 0.197 0.2 44.31 0.0768841 0.317933 100
1.77272 0.949297 0.195 0.2 44.56 0.0859341 0.312724 100
1.763 0.965156 0.195 0.2 44.61 0.104168 0.303 100
1.75985 0.97189 0.196 0.2 44.55 0.0890796 0.299846 100
1.75378 0.979989 0.197 0.2 44.48 0.121274 0.293783 100
1.74869 0.987644 0.198 0.2 44.4 0.129786 0.288688 100
1.73812 1.0032 0.2 0.2 44.2 0.120021 0.278123 100
1.73216 1.01057 0.202 0.2 43.98 0.129758 0.272159 100
1.72567 1.01846 0.203 0.2 43.85 0.142667 0.265675 100
1.71957 1.02638 0.205 0.2 43.6 0.153528 0.259566 100
1.70625 1.04074 0.208 0.2 43.22 0.171859 0.246248 100
1.69992 1.04736 0.209 0.2 43.03 0.181827 0.239921 100
1.6941 1.05413 0.209 0.2 42.94 0.192676 0.234099 100
1.68856 1.06157 0.202 0.2 43.62 0.200548 0.228561 100
1.67709 1.07705 0.199 0.2 43.93 0.218953 0.217085 100
1.67112 1.0844 0.197 0.2 44.16 0.226196 0.211124 100
1.66501 1.09093 0.197 0.2 44.19 0.23408 0.205011 100
1.65909 1.09743 0.196 0.2 44.33 0.242088 0.199085 100
1.64763 1.10999 0.196 0.2 44.37 0.255396 0.187627 100
1.6412 1.11632 0.196 0.2 44.41 0.261909 0.181205 100
1.6342 1.12336 0.195 0.2 44.56 0.273472 0.174196 100
1.62683 1.13084 0.197 0.2 44.39 0.281508 0.166831 100
1.61291 1.14452 0.202 0.2 43.87 0.302149 0.152909 100
1.60598 1.15013 0.206 0.2 43.41 0.309919 0.14598 100
1.59884 1.1554 0.207 0.2 43.24 0.32151 0.138839 100
1.5912 1.1611 0.205 0.2 43.39 0.330858 0.1312 100
1.57727 1.17452 0.204 0.2 43.45 0.351915 0.117273 100
1.57029 1.18053 0.203 0.2 43.52 0.358805 0.110291 100
1.5634 1.186 0.201 0.2 43.71 0.370577 0.103403 100
1.55635 1.19148 0.199 0.2 43.92 0.376214 0.096349 100
Acheived waypoint: 2
1.54316 1.20222 0.198 0.2 44.04 1.1742 -0.247779 70.4548
1.5364 1.20741 0.198 0.2 44.06 1.1672 -0.242586 71.3067
1.52971 1.21321 0.196 0.2 44.3 1.15717 -0.236792 70.5056
1.52228 1.21829 0.196 0.2 44.34 1.15095 -0.231707 71.6406
1.50767 1.22771 0.197 0.2 44.27 1.13232 -0.222286 72.7622
1.50085 1.23213 0.198 0.2 44.19 1.11978 -0.217875 72.7485
1.49388 1.2375 0.2 0.2 43.99 1.10888 -0.212499 74.4128
1.48737 1.24329 0.201 0.2 43.88 1.10077 -0.206711 76.489
1.47206 1.25669 0.201 0.2 43.87 1.08938 -0.193312 82.1013
1.46348 1.26318 0.202 0.2 43.75 1.08206 -0.186817 85.2013
1.45517 1.26918 0.205 0.2 43.4 1.07376 -0.180815 89.0771
1.44729 1.27522 0.208 0.2 43.02 1.06826 -0.174784 93.7616
1.432 1.28712 0.209 0.2 42.83 1.05158 -0.162877 98.8772
1.42386 1.29224 0.21 0.2 42.63 1.04476 -0.157765 100
1.41557 1.29743 0.209 0.2 42.64 1.03754 -0.152574 100
1.40754 1.30273 0.205 0.2 42.99 1.02774 -0.14727 100
1.39323 1.31264 0.204 0.2 43.05 1.01308 -0.137362 100
1.38678 1.31727 0.203 0.2 43.12 1.00559 -0.132727 100
1.37997 1.32187 0.2 0.2 43.42 0.998446 -0.128126 100
1.37246 1.32625 0.195 0.2 43.97 0.993746 -0.123748 100
1.35748 1.33588 0.193 0.2 44.24 0.988054 -0.114123 100
1.34911 1.34039 0.19 0.2 44.64 0.97867 -0.109612 100
1.34051 1.34461 0.191 0.2 44.63 0.961488 -0.105387 100
1.33114 1.34818 0.194 0.2 44.39 0.962325 -0.101821 100
1.31454 1.35688 0.197 0.2 44.12 0.945532 -0.093117 100
1.30694 1.3603 0.201 0.2 43.71 0.922604 -0.089704 100
1.2988 1.3629 0.202 0.2 43.59 0.914468 -0.0870991 100
1.2901 1.36578 0.202 0.2 43.57 0.904608 -0.084223 100
1.27258 1.37175 0.203 0.2 43.44 0.884531 -0.078251 100
1.26466 1.37544 0.203 0.2 43.41 0.872145 -0.0745571 100
1.25654 1.37836 0.202 0.2 43.49 0.863549 -0.071637 100
1.24875 1.38134 0.2 0.2 43.69 0.85454 -0.0686561 100
1.23297 1.38718 0.198 0.2 43.91 0.840433 -0.0628221 100
1.22461 1.38989 0.194 0.2 44.37 0.830776 -0.060111 100
1.21589 1.3928 0.193 0.2 44.54 0.82044 -0.057199 100
1.20711 1.39557 0.193 0.2 44.61 0.811362 -0.0544261 100
1.18972 1.40038 0.193 0.2 44.68 0.798827 -0.0496241 100
1.1816 1.40205 0.194 0.2 44.64 0.788802 -0.0479521 100
1.17398 1.40444 0.195 0.2 44.59 0.777933 -0.0455631 100
1.16573 1.40688 0.194 0.2 44.75 0.77706 -0.0431241 100
1.14842 1.41193 0.196 0.2 44.59 0.754845 -0.0380731 100
1.13911 1.41374 0.198 0.2 44.41 0.74451 -0.036262 100
1.12939 1.41546 0.198 0.2 44.43 0.735021 -0.034544 100
1.11968 1.41721 0.202 0.2 44.01 0.724871 -0.0327901 100
1.10052 1.42053 0.204 0.2 43.77 0.702004 -0.0294681 100
1.09016 1.42253 0.204 0.2 43.73 0.691498 -0.0274651 100
1.07964 1.4238 0.204 0.2 43.69 0.68096 -0.0261971 100
1.0693 1.42448 0.205 0.2 43.54 0.671573 -0.0255151 100
1.04992 1.42634 0.205 0.2 43.49 0.650277 -0.0236551 100
1.0411 1.42841 0.203 0.2 43.66 0.639628 -0.0215861 100
1.03269 1.43052 0.203 0.2 43.63 0.633646 -0.0194831 100
1.02426 1.43232 0.198 0.2 44.15 0.625121 -0.017678 100
1.00591 1.43456 0.197 0.2 44.28 0.610449 -0.015445 100
0.996958 1.43508 0.197 0.2 44.31 0.602522 -0.014919 100
0.988568 1.43607 0.198 0.2 44.23 0.593924 -0.0139281 100
0.979749 1.43676 0.198 0.2 44.25 0.588042 -0.013242 100
0.960368 1.43749 0.199 0.2 44.16 0.569978 -0.012511 100
0.950449 1.43877 0.199 0.2 44.17 0.558529 -0.011229 100
0.940948 1.43955 0.201 0.2 43.96 0.552803 -0.0104531 100
0.931619 1.43844 0.202 0.2 43.84 0.541111 -0.011561 100
0.912725 1.43731 0.202 0.2 43.82 0.519411 -0.0126851 100
0.903563 1.437 0.203 0.2 43.69 0.508551 -0.0129991 100
0.895243 1.43692 0.203 0.2 43.66 0.502479 -0.0130781 100
0.887093 1.43794 0.203 0.2 43.63 0.481498 -0.012056 100
0.870612 1.43659 0.199 0.2 44.04 0.477312 -0.0134081 100
0.862142 1.4363 0.197 0.2 44.27 0.465894 -0.0137041 100
0.853585 1.43597 0.197 0.2 44.3 0.455332 -0.014027 97.5251
0.844814 1.43531 0.196 0.2 44.44 0.451093 -0.0146871 95.5074
0.827472 1.43459 0.196 0.2 44.48 0.429888 -0.0154071 89.1985
0.818513 1.43366 0.195 0.2 44.63 0.427501 -0.016343 87.2806
0.809688 1.43212 0.195 0.2 44.68 0.416665 -0.0178781 82.5477
0.800739 1.43103 0.195 0.2 44.73 0.401061 -0.018967 77.1826
0.782485 1.4312 0.196 0.2 44.67 0.370277 -0.018805 69.702
0.77303 1.43005 0.199 0.2 44.38 0.368373 -0.0199511 68.1344
0.763598 1.42863 0.2 0.2 44.28 0.358039 -0.0213741 63.851
0.753983 1.42666 0.202 0.2 44.06 0.362515 -0.0233431 62.8086
0.733698 1.42512 0.203 0.2 43.93 0.336094 -0.024878 54.3529
0.723485 1.42438 0.207 0.2 43.46 0.321155 -0.025617 50.2606
0.713908 1.42298 0.209 0.2 43.17 0.324993 -0.027022 49.8513
0.704014 1.42215 0.212 0.2 42.75 0.304528 -0.027855 44.1332
0.685317 1.4192 0.213 0.2 42.52 0.294012 -0.0308011 38.173
0.675837 1.41817 0.212 0.2 42.5 0.284642 -0.0318331 34.4162
0.665148 1.41916 0.207 0.2 42.93 0.279524 -0.0308371 33.4111
0.65525 1.41935 0.206 0.2 42.97 0.283163 -0.0306541 34.3759
0.635897 1.41852 0.206 0.2 42.91 0.276452 -0.0314771 31.6811
0.626376 1.41847 0.207 0.2 42.74 0.258051 -0.03153 27.1304
0.617494 1.41785 0.207 0.2 42.67 0.267218 -0.0321541 28.7096
0.607751 1.41917 0.207 0.2 42.6 0.278083 -0.030833 33.0503
0.586666 1.41904 0.205 0.2 42.75 0.263671 -0.030964 28.8731
0.576838 1.41911 0.207 0.2 42.48 0.243221 -0.0308881 24.1362
0.567858 1.41947 0.208 0.2 42.3 0.255194 -0.0305331 27.7769
0.557694 1.41962 0.211 0.2 41.89 0.239736 -0.030377 24.5562
0.541341 1.41876 0.211 0.2 41.78 0.232355 -0.031242 21.6641
0.532525 1.41938 0.208 0.2 42 0.252555 -0.0306151 27.0093
0.523027 1.41891 0.206 0.2 42.14 0.226162 -0.031092 19.3809
0.513536 1.4197 0.202 0.2 42.52 0.243361 -0.0302961 23.9823
0.495229 1.42002 0.201 0.2 42.61 0.241892 -0.029983 23.8107
0.48606 1.42046 0.2 0.2 42.71 0.230097 -0.0295351 21.1882
0.47732 1.42082 0.2 0.2 42.71 0.226322 -0.0291841 20.6659
0.468663 1.41975 0.2 0.2 42.71 0.204873 -0.030246 13.9036
0.448699 1.42067 0.199 0.2 42.82 0.207622 -0.0293311 15.5542
0.439706 1.42006 0.201 0.2 42.61 0.21306 -0.02994 16.5461
0.431101 1.41887 0.203 0.2 42.38 0.229332 -0.031129 19.587
0.421802 1.41968 0.206 0.2 42.02 0.213098 -0.030321 16.9944
0.405273 1.42035 0.206 0.2 41.96 0.221436 -0.029649 19.9215
0.395533 1.42166 0.205 0.2 42.01 0.207422 -0.0283381 17.7813
0.385051 1.42131 0.204 0.2 42.07 0.222003 -0.0286931 20.8801
0.374072 1.42143 0.203 0.2 42.14 0.202697 -0.028566 15.9635
0.353514 1.421 0.205 0.2 41.89 0.203337 -0.028998 15.943
0.344135 1.42059 0.206 0.2 41.73 0.209107 -0.0294061 17.0856
0.33453 1.42117 0.207 0.2 41.56 0.192048 -0.028833 13.6162
0.325774 1.4199 0.208 0.2 41.38 0.205004 -0.0301031 15.5522
0.30567 1.41929 0.206 0.2 41.52 0.183717 -0.0307081 9.07054
0.296083 1.41837 0.203 0.2 41.79 0.198158 -0.0316261 11.0678
0.286705 1.42003 0.204 0.2 41.65 0.176546 -0.0299691 7.78733
0.278715 1.42008 0.205 0.2 41.5 0.19502 -0.029924 12.7087
0.26201 1.41988 0.203 0.2 41.67 0.189715 -0.0301191 10.7663
0.252228 1.41991 0.199 0.2 42.08 0.186136 -0.030087 9.15786
0.241702 1.42021 0.197 0.2 42.31 0.169134 -0.029791 4.8346
0.23161 1.41913 0.198 0.2 42.23 0.184506 -0.0308731 7.57024
0.211119 1.41862 0.2 0.2 42.03 0.182739 -0.0313771 6.88389
0.200901 1.42019 0.203 0.2 41.7 0.167157 -0.0298131 5.41562
0.19155 1.42136 0.206 0.2 41.34 0.161969 -0.0286391 6.0481
0.181906 1.42003 0.209 0.2 40.95 0.179094 -0.0299741 9.30164
0.164982 1.41915 0.209 0.2 40.86 0.177532 -0.030848 7.86601
0.156249 1.41994 0.208 0.2 40.88 0.159249 -0.030058 3.9931
0.14718 1.4203 0.207 0.2 40.91 0.151597 -0.029703 2.3039
0.138826 1.41975 0.204 0.2 41.17 0.171888 -0.0302451 6.26907
0.121531 1.42 0.203 0.2 41.24 0.174581 -0.030004 7.0661
0.112361 1.42018 0.199 0.2 41.65 0.174503 -0.0298171 6.54186
0.102123 1.42095 0.195 0.2 42.1 0.15065 -0.029049 0.702641
0.091333 1.42113 0.195 0.2 42.15 0.149688 -0.028874 0.681194
0.072584 1.41985 0.196 0.2 42.09 0.168341 -0.0301501 3.98742
0.063464 1.4208 0.199 0.2 41.8 0.145574 -0.029196 -0.0253701
0.055958 1.42016 0.2 0.2 41.7 0.146875 -0.029845 -0.319034
0.048128 1.41877 0.2 0.2 41.7 0.164223 -0.031227 2.3701
0.028873 1.41981 0.198 0.2 41.92 0.161967 -0.0301911 2.70353
0.018503 1.42158 0.199 0.2 41.83 0.140497 -0.028417 -0.340755
0.008619 1.42133 0.201 0.2 41.62 0.152374 -0.0286671 2.71755
-0.00063 1.42057 0.204 0.2 41.28 0.16089 -0.029428 4.47284
-0.018319 1.42043 0.205 0.2 41.13 0.161551 -0.0295681 4.64566
-0.027359 1.42032 0.204 0.2 41.19 0.151363 -0.02968 1.74786
-0.037655 1.42129 0.201 0.2 41.48 0.132763 -0.0287061 -2.30809
-0.048643 1.42036 0.199 0.2 41.69 0.15717 -0.029636 2.36852
-0.070081 1.4189 0.199 0.2 41.7 0.146452 -0.031105 -2.18268
-0.079567 1.41838 0.201 0.2 41.49 0.150331 -0.0316161 -1.4428
-0.088759 1.4201 0.202 0.2 41.37 0.123399 -0.029901 -5.97937
-0.096778 1.41951 0.204 0.2 41.13 0.148529 -0.030488 0.0446634
-0.112677 1.42066 0.204 0.2 41.09 0.125076 -0.0293441 -4.51467
-0.121253 1.41968 0.2 0.2 41.49 0.143516 -0.0303241 -1.76604
-0.131192 1.42078 0.198 0.2 41.71 0.121349 -0.029217 -6.38432
-0.140161 1.41991 0.199 0.2 41.62 0.141283 -0.030094 -2.235
-0.158216 1.42035 0.201 0.2 41.41 0.126453 -0.0296481 -5.0746
-0.16658 1.41952 0.202 0.2 41.29 0.142955 -0.030478 -1.72513
-0.176131 1.42043 0.201 0.2 41.38 0.140878 -0.0295681 -1.31458
-0.186884 1.42217 0.2 0.2 41.48 0.125697 -0.0278341 -3.19411
-0.207739 1.42145 0.2 0.2 41.48 0.125608 -0.02855 -4.10769
-0.216384 1.42042 0.202 0.2 41.26 0.145074 -0.0295831 -0.0870188
-0.224995 1.42074 0.204 0.2 41.02 0.143626 -0.0292571 0.29953
-0.233094 1.42219 0.203 0.2 41.09 0.121392 -0.0278111 -3.74648
-0.25081 1.42214 0.202 0.2 41.17 0.121707 -0.0278641 -3.90074
-0.260034 1.42292 0.196 0.2 41.81 0.116748 -0.0270801 -5.21478
-0.269554 1.42203 0.196 0.2 41.85 0.143564 -0.027966 0.46613
-0.278447 1.42197 0.197 0.2 41.78 0.138165 -0.0280271 -0.801037
-0.295251 1.42181 0.199 0.2 41.59 0.138572 -0.0281941 -0.550893
-0.304372 1.42225 0.199 0.2 41.6 0.120579 -0.027747 -4.55851
-0.313127 1.42204 0.198 0.2 41.72 0.120626 -0.027963 -4.99338
-0.322268 1.42082 0.196 0.2 41.96 0.143838 -0.029181 -1.00494
-0.341777 1.42169 0.195 0.2 42.11 0.134519 -0.0283101 -2.45015
-0.35124 1.42235 0.197 0.2 41.94 0.142688 -0.027655 0.816987
-0.360735 1.42375 0.2 0.2 41.64 0.122485 -0.0262461 -2.03044
-0.369113 1.42334 0.202 0.2 41.42 0.141276 -0.026661 2.55042
-0.387419 1.42443 0.202 0.2 41.4 0.168092 -0.0255661 10.7099
-0.397341 1.42245 0.2 0.2 41.6 0.141108 -0.027546 1.07591
-0.407927 1.42251 0.199 0.2 41.71 0.140568 -0.0274911 0.835223
-0.418233 1.42414 0.2 0.2 41.61 0.105429 -0.025864 -5.88246
-0.437396 1.4212 0.201 0.2 41.5 0.139908 -0.028802 -0.61353
-0.447395 1.42154 0.202 0.2 41.38 0.119745 -0.0284641 -5.13815
-0.455378 1.42097 0.203 0.2 41.25 0.135918 -0.029032 -1.55675
-0.463937 1.42186 0.202 0.2 41.33 0.114691 -0.028138 -6.0192
-0.481035 1.42139 0.201 0.2 41.42 0.131712 -0.028607 -2.45236
-0.490114 1.42212 0.198 0.2 41.74 0.115981 -0.0278831 -6.07167
-0.498844 1.41981 0.197 0.2 41.87 0.133505 -0.0301861 -4.70577
-0.507801 1.42015 0.197 0.2 41.9 0.134206 -0.029855 -4.11109
-0.526272 1.42139 0.198 0.2 41.82 0.115782 -0.028607 -7.0318
-0.534981 1.41794 0.197 0.2 41.95 0.0977696 -0.0320611 -16.1326
-0.545286 1.41948 0.198 0.2 41.87 0.133861 -0.0305201 -4.84194
-0.555136 1.42062 0.199 0.2 41.78 0.138803 -0.029381 -1.97497
-0.57446 1.42208 0.201 0.2 41.57 0.119187 -0.027925 -4.78683
-0.585524 1.42111 0.204 0.2 41.23 0.136665 -0.028892 -1.02196
-0.593271 1.42256 0.205 0.2 41.08 0.124802 -0.0274351 -2.09058
-0.599625 1.41922 0.204 0.2 41.14 0.0897012 -0.0307801 -15.2416
-0.61782 1.4208 0.199 0.2 41.65 0.0655825 -0.029204 -20.3379
-0.62794 1.42054 0.196 0.2 41.99 0.0906002 -0.029461 -14.8716
-0.636891 1.4206 0.196 0.2 42.03 0.0906365 -0.0293951 -14.7789
-0.645337 1.42042 0.196 0.2 42.07 0.0851275 -0.029585 -16.4176
-0.662593 1.42035 0.196 0.2 42.11 0.0855597 -0.029649 -16.389
-0.67181 1.42075 0.195 0.2 42.26 0.0823178 -0.0292491 -16.8953
-0.680435 1.41851 0.194 0.2 42.42 0.131394 -0.0314871 -7.48923
-0.689505 1.41835 0.194 0.2 42.48 0.137805 -0.0316451 -6.06335
-0.707123 1.41921 0.197 0.2 42.21 0.134439 -0.0307901 -5.22873
-0.717584 1.4217 0.199 0.2 42.02 0.0812673 -0.0283021 -15.2301
-0.724482 1.42185 0.2 0.2 41.92 0.08289 -0.0281451 -14.446
-0.732897 1.4207 0.2 0.2 41.92 0.132593 -0.029301 -3.2684
Acheived waypoint: 3
-0.752662 1.42125 0.2 0.2 41.92 1.69866 -0.247477 100
-0.763731 1.42093 0.199 0.2 42.03 1.7014 -0.23641 100
-0.773941 1.42115 0.201 0.2 41.82 1.69903 -0.226199 100
-0.783415 1.42104 0.204 0.2 41.48 1.69915 -0.216726 100
-0.801829 1.42131 0.205 0.2 41.33 1.70154 -0.198311 100
-0.811346 1.421 0.205 0.2 41.28 1.70226 -0.188795 100
-0.821711 1.41989 0.205 0.2 41.23 1.69892 -0.178436 100
-0.831932 1.41901 0.203 0.2 41.4 1.69702 -0.168219 100
-0.849546 1.4147 0.203 0.2 41.37 1.67956 -0.150627 100
-0.857273 1.41237 0.204 0.2 41.23 1.67158 -0.142912 100
-0.864238 1.40976 0.204 0.2 41.19 1.66125 -0.135959 100
-0.871668 1.40642 0.199 0.2 41.7 1.65638 -0.128546 100
-0.888882 1.39893 0.193 0.2 42.37 1.64198 -0.111369 100
-0.897723 1.39474 0.189 0.2 42.88 1.63167 -0.102549 100
-0.905922 1.39025 0.186 0.2 43.32 1.62307 -0.0943726 100
-0.913783 1.3859 0.187 0.2 43.35 1.61592 -0.0865333 100
-0.928942 1.37882 0.188 0.2 43.37 1.60142 -0.0714095 100
-0.936881 1.37554 0.191 0.2 43.16 1.59114 -0.0634868 100
-0.942789 1.36983 0.192 0.2 43.14 1.5897 -0.0576072 100
-0.950442 1.36447 0.191 0.2 43.33 1.57466 -0.0499808 100
-0.965998 1.35499 0.191 0.2 43.42 1.55421 -0.034472 100
-0.972786 1.35035 0.194 0.2 43.18 1.54438 -0.027707 100
-0.979938 1.34656 0.195 0.2 43.13 1.53668 -0.0205739 100
-0.987415 1.34306 0.195 0.2 43.18 1.52441 -0.0131142 100
-0.999673 1.33366 0.194 0.2 43.34 1.49691 -0.000902935 100
-1.00819 1.32954 0.192 0.2 43.62 1.50139 0.00759359 100
-1.01507 1.3245 0.19 0.2 43.92 1.50003 0.0144526 100
-1.0224 1.3194 0.19 0.2 44.02 1.48967 0.0217532 100
-1.03712 1.30871 0.19 0.2 44.12 1.47182 0.036423 100
-1.04402 1.30303 0.191 0.2 44.11 1.46586 0.0432899 100
-1.0509 1.29774 0.191 0.2 44.2 1.44483 0.0501476 100
-1.05686 1.29234 0.192 0.2 44.18 1.45654 0.0560817 100
-1.07222 1.28349 0.192 0.2 44.26 1.42885 0.0713938 100
-1.079 1.2781 0.194 0.2 44.12 1.41738 0.0781481 100
-1.08571 1.27197 0.194 0.2 44.18 1.41273 0.0848296 100
-1.09313 1.26568 0.195 0.2 44.13 1.39953 0.0922174 100
-1.10746 1.25266 0.197 0.2 43.96 1.38408 0.106484 100
-1.1146 1.24642 0.2 0.2 43.66 1.36776 0.113592 100
-1.12239 1.23967 0.2 0.2 43.66 1.36063 0.12135 100
-1.12986 1.23246 0.202 0.2 43.44 1.34537 0.128777 100
-1.14265 1.21761 0.202 0.2 43.42 1.32651 0.141499 100
-1.15008 1.21131 0.202 0.2 43.4 1.31542 0.148898 100
-1.15719 1.20569 0.202 0.2 43.38 1.30345 0.155975 100
-1.16395 1.20073 0.199 0.2 43.69 1.29934 0.162712 100
-1.17603 1.18851 0.198 0.2 43.81 1.26296 0.174728 100
-1.18376 1.18264 0.194 0.2 44.27 1.27546 0.182435 100
-1.18968 1.17642 0.194 0.2 44.33 1.26991 0.188327 100
-1.19505 1.1703 0.195 0.2 44.28 1.27172 0.193664 100
-1.2077 1.15743 0.195 0.2 44.33 1.23786 0.206246 100
-1.2141 1.15001 0.196 0.2 44.27 1.23537 0.212612 100
-1.22111 1.14298 0.197 0.2 44.2 1.21607 0.219587 100
-1.22792 1.1357 0.2 0.2 43.9 1.21537 0.226356 100
-1.23699 1.11864 0.202 0.2 43.68 1.17756 0.235346 100
-1.24292 1.11113 0.203 0.2 43.55 1.16944 0.24124 100
-1.24857 1.10414 0.203 0.2 43.52 1.15876 0.24686 100
-1.25353 1.09754 0.204 0.2 43.38 1.14321 0.251777 100
-1.26415 1.08526 0.203 0.2 43.45 1.16147 0.262338 100
-1.26918 1.07827 0.199 0.2 43.86 1.15356 0.267335 100
-1.27371 1.07112 0.198 0.2 43.98 1.11043 0.271831 100
-1.27963 1.06489 0.195 0.2 44.33 1.11966 0.277719 100
-1.28851 1.0499 0.195 0.2 44.38 1.08059 0.286524 100
-1.29478 1.0436 0.194 0.2 44.54 1.09236 0.292762 100
-1.29684 1.03494 0.193 0.2 44.71 1.08285 0.294784 100
-1.30276 1.02744 0.193 0.2 44.78 1.05797 0.300662 100
-1.31292 1.01194 0.192 0.2 44.96 1.07328 0.310753 100
-1.31622 1.00478 0.193 0.2 44.93 1.03705 0.314014 100
-1.32137 0.996349 0.196 0.2 44.67 1.03419 0.319117 100
-1.32793 0.98943 0.197 0.2 44.6 1.02955 0.325642 100
-1.33596 0.971009 0.199 0.2 44.41 0.986458 0.333582 100
-1.34158 0.962535 0.202 0.2 44.09 0.996073 0.339161 100
-1.3442 0.952184 0.204 0.2 43.85 0.985764 0.341735 100
-1.34948 0.943808 0.208 0.2 43.37 0.95254 0.346971 100
-1.35737 0.926376 0.21 0.2 43.07 0.933113 0.354773 100
-1.36046 0.917911 0.211 0.2 42.86 0.924667 0.357823 100
-1.36491 0.90975 0.21 0.2 42.86 0.936558 0.362231 100
-1.36823 0.900042 0.203 0.2 43.53 0.908963 0.365499 100
-1.37316 0.8918 0.201 0.2 43.72 0.894758 0.370388 100
-1.3817 0.875495 0.199 0.2 43.93 0.880757 0.378847 100
-1.38532 0.867642 0.198 0.2 44.05 0.866972 0.38243 100
-1.38986 0.860286 0.197 0.2 44.18 0.843059 0.386938 100
-1.39655 0.843998 0.196 0.2 44.32 0.824292 0.393541 100
-1.39887 0.834134 0.195 0.2 44.47 0.841503 0.395819 100
-1.40301 0.824275 0.196 0.2 44.41 0.834132 0.399911 100
-1.40728 0.815912 0.2 0.2 44.01 0.805993 0.40414 100
-1.41282 0.79967 0.203 0.2 43.68 0.841181 0.409601 100
-1.4133 0.790092 0.206 0.2 43.32 0.773766 0.410026 100
-1.4143 0.780645 0.206 0.2 43.26 0.78521 0.410978 100
-1.4198 0.772801 0.205 0.2 43.31 0.788089 0.416446 100
-1.42144 0.762967 0.203 0.2 43.48 0.755357 0.41803 100
-1.42619 0.745926 0.202 0.2 43.56 0.733699 0.4227 100
-1.42866 0.737537 0.2 0.2 43.76 0.727442 0.425124 100
-1.43096 0.729246 0.199 0.2 43.87 0.766197 0.427386 100
-1.43417 0.711835 0.197 0.2 44.1 0.715171 0.430512 100
-1.4371 0.704528 0.196 0.2 44.24 0.73886 0.4334 100
-1.43891 0.695523 0.194 0.2 44.5 0.684264 0.435171 100
-1.44003 0.686308 0.194 0.2 44.56 0.687477 0.436249 100
-1.44273 0.670714 0.196 0.2 44.4 0.709996 0.438868 100
-1.44418 0.662309 0.196 0.2 44.44 0.696442 0.440278 100
-1.44633 0.653516 0.196 0.2 44.48 0.645396 0.442385 100
-1.44793 0.644297 0.198 0.2 44.3 0.648317 0.443939 100
-1.45189 0.625366 0.196 0.2 44.54 0.642801 0.447799 100
-1.45102 0.61371 0.198 0.2 44.36 0.620684 0.446874 100
-1.45209 0.604062 0.2 0.2 44.16 0.595292 0.447892 100
-1.45337 0.594548 0.204 0.2 43.72 0.632855 0.449126 100
-1.45415 0.573998 0.205 0.2 43.57 0.579488 0.449808 100
-1.45533 0.565358 0.207 0.2 43.3 0.596366 0.450942 100
-1.45475 0.555035 0.207 0.2 43.23 0.560984 0.450309 100
-1.45414 0.544884 0.205 0.2 43.38 0.549311 0.449651 100
-1.45548 0.526911 0.205 0.2 43.33 0.532859 0.450901 100
-1.45708 0.518685 0.203 0.2 43.5 0.523677 0.452462 100
-1.45804 0.510307 0.201 0.2 43.69 0.516984 0.453385 100
-1.45878 0.501687 0.199 0.2 43.9 0.507649 0.454075 100
-1.45952 0.482637 0.194 0.2 44.46 0.495524 0.454722 100
-1.45939 0.473015 0.192 0.2 44.74 0.487209 0.454552 100
-1.45898 0.46318 0.192 0.2 44.82 0.476471 0.45409 100
-1.45886 0.453675 0.195 0.2 44.57 0.46736 0.453925 100
-1.45907 0.436259 0.198 0.2 44.29 0.449427 0.454042 100
-1.45778 0.427941 0.202 0.2 43.87 0.441259 0.452716 100
-1.45542 0.419418 0.203 0.2 43.74 0.433676 0.450313 100
-1.45371 0.410469 0.203 0.2 43.71 0.419263 0.44856 100
-1.45254 0.392718 0.203 0.2 43.68 0.401157 0.447298 100
-1.45073 0.383755 0.203 0.2 43.65 0.392946 0.445443 100
-1.44975 0.3752 0.203 0.2 43.62 0.385921 0.444425 100
-1.4488 0.366767 0.201 0.2 43.81 0.395239 0.443431 100
-1.44664 0.35016 0.201 0.2 43.8 0.378787 0.441186 100
-1.44551 0.341115 0.196 0.2 44.34 0.368931 0.440012 100
-1.44417 0.332051 0.194 0.2 44.6 0.359011 0.438634 100
-1.44261 0.322984 0.194 0.2 44.66 0.352433 0.437027 100
-1.43952 0.305509 0.194 0.2 44.72 0.334523 0.433846 100
-1.43699 0.297283 0.195 0.2 44.67 0.328801 0.431277 100
-1.43489 0.289039 0.196 0.2 44.61 0.315745 0.429138 100
-1.43399 0.279718 0.196 0.2 44.65 0.309085 0.428193 100
-1.43055 0.261812 0.197 0.2 44.58 0.291523 0.424668 100
-1.4277 0.252473 0.2 0.2 44.28 0.284658 0.421767 100
-1.42513 0.24296 0.202 0.2 44.06 0.272631 0.419147 100
-1.42211 0.233278 0.206 0.2 43.6 0.2623 0.416084 100
-1.41612 0.213601 0.206 0.2 43.54 0.239632 0.409991 100
-1.41301 0.203207 0.206 0.2 43.48 0.225516 0.406837 100
-1.40953 0.193349 0.207 0.2 43.31 0.216568 0.403301 100
-1.40578 0.184066 0.207 0.2 43.24 0.210016 0.399504 100
-1.39891 0.166461 0.207 0.2 43.17 0.189577 0.392555 100
-1.39693 0.158012 0.206 0.2 43.21 0.178508 0.390534 100
-1.39523 0.149321 0.203 0.2 43.48 0.172151 0.388789 100
-1.39294 0.140381 0.199 0.2 43.89 0.164608 0.386452 100
-1.38705 0.122996 0.197 0.2 44.12 0.150738 0.380471 100
-1.38408 0.115063 0.197 0.2 44.15 0.140608 0.377471 100
-1.38092 0.106762 0.197 0.2 44.18 0.131485 0.374261 100
-1.37737 0.09805 0.198 0.2 44.1 0.123149 0.370675 100
-1.37 0.080139 0.198 0.2 44.12 0.102269 0.363214 100
-1.36671 0.071178 0.201 0.2 43.81 0.0953799 0.359879 100
-1.36222 0.062832 0.201 0.2 43.8 0.0844964 0.355345 100
-1.35624 0.055209 0.203 0.2 43.57 0.0756102 0.349326 100
-1.34722 0.038234 0.203 0.2 43.54 0.0524286 0.340229 100
-1.34371 0.030743 0.205 0.2 43.29 0.0444721 0.336681 100
-1.33915 0.023915 0.205 0.2 43.24 0.0325171 0.332087 100
-1.3352 0.01661 0.202 0.2 43.52 0.0230921 0.328096 100
-1.32725 0.000982 0.202 0.2 43.5 0.00393665 0.320074 100
-1.32281 -0.006745 0.201 0.2 43.59 0.00236703 0.315591 100
-1.31826 -0.014577 0.199 0.2 43.8 0.0171978 0.311011 100
-1.31414 -0.022427 0.199 0.2 43.81 0.0243021 0.306852 100
-1.31009 -0.03035 0.199 0.2 43.82 0.0323019 0.302756 100
-1.2997 -0.047185 0.196 0.2 44.16 0.052268 0.292284 100
-1.29446 -0.054781 0.196 0.2 44.2 0.0578493 0.28701 100
-1.28853 -0.062078 0.196 0.2 44.24 0.074272 0.281043 100
-1.28403 -0.069854 0.197 0.2 44.17 0.0849739 0.276507 100
-1.27355 -0.085413 0.199 0.2 43.98 0.102781 0.265947 100
-1.26815 -0.093092 0.2 0.2 43.88 0.103437 0.260505 100
-1.26198 -0.100914 0.202 0.2 43.66 0.113518 0.2543 100
-1.25524 -0.108767 0.203 0.2 43.53 0.124902 0.247521 100
-1.24183 -0.124825 0.207 0.2 43.06 0.150947 0.234029 100
-1.23565 -0.132275 0.207 0.2 42.99 0.161344 0.227812 100
-1.23 -0.138723 0.209 0.2 42.7 0.167433 0.22213 100
-1.22406 -0.145084 0.208 0.2 42.72 0.182233 0.216163 100
-1.21122 -0.159651 0.204 0.2 43.08 0.200996 0.203248 100
-1.20448 -0.166983 0.204 0.2 43.04 0.223435 0.196473 100
-1.19885 -0.174744 0.2 0.2 43.44 0.233812 0.190808 100
-1.19381 -0.182189 0.199 0.2 43.55 0.228489 0.185724 100
-1.1821 -0.195478 0.197 0.2 43.78 0.258067 0.173949 100
-1.17581 -0.202563 0.197 0.2 43.81 0.268825 0.167629 100
-1.16968 -0.209435 0.196 0.2 43.95 0.266847 0.161466 100
-1.16188 -0.216626 0.196 0.2 43.99 0.286679 0.153628 100
-1.15551 -0.223325 0.203 0.2 43.26 0.293408 0.147222 100
-1.14294 -0.235789 0.203 0.2 43.23 0.317576 0.134588 100
-1.1357 -0.241232 0.205 0.2 42.98 0.327326 0.127324 100
-1.12773 -0.246269 0.205 0.2 42.93 0.336294 0.119326 100
-1.11369 -0.257943 0.203 0.2 43.1 0.355652 0.105238 100
-1.10731 -0.263762 0.203 0.2 43.07 0.365572 0.0988229 100
-1.0995 -0.268958 0.202 0.2 43.15 0.369366 0.0909862 100
-1.09297 -0.274541 0.202 0.2 43.13 0.365542 0.0844317 100
-1.08564 -0.280436 0.198 0.2 43.55 0.387887 0.0770766 100
-1.07234 -0.292195 0.198 0.2 43.57 0.394401 0.0637095 100
-1.06475 -0.297369 0.197 0.2 43.7 0.416075 0.056096 100
-1.05756 -0.303058 0.197 0.2 43.73 0.423173 0.0488849 100
-1.0435 -0.313453 0.198 0.2 43.65 0.441218 0.0347706 100
-1.03681 -0.318053 0.198 0.2 43.67 0.450474 0.0280529 100
Acheived waypoint: 4
-1.03059 -0.323091 0.198 0.2 43.69 1.13216 -0.246909 60.2212
-1.02233 -0.327463 0.198 0.2 43.71 1.11046 -0.242537 56.9295
-1.01561 -0.332766 0.198 0.2 43.73 1.1137 -0.237234 60.5087
-0.998948 -0.344058 0.198 0.2 43.75 1.07992 -0.225942 58.0479
-0.989638 -0.349203 0.201 0.2 43.44 1.06633 -0.220797 59.3988
-0.980898 -0.354675 0.201 0.2 43.43 1.05875 -0.215325 60.6485
-0.965097 -0.367563 0.208 0.2 42.65 1.04698 -0.202437 69.8316
-0.957336 -0.373978 0.208 0.2 42.57 1.03901 -0.196022 71.8914
-0.949418 -0.379697 0.212 0.2 42.05 1.03066 -0.190303 75.9247
-0.94107 -0.385533 0.212 0.2 41.93 1.02332 -0.184467 77.9839
-0.924561 -0.397268 0.213 0.2 41.7 1.01073 -0.172732 83.5898
-0.917022 -0.402968 0.213 0.2 41.57 1.00475 -0.167032 86.224
-0.91113 -0.409285 0.213 0.2 41.44 1.01537 -0.160715 93.6494
-0.904192 -0.414482 0.212 0.2 41.42 0.997272 -0.155518 92.4786
-0.89096 -0.426013 0.201 0.2 42.51 1.00066 -0.143987 96.2028
-0.882312 -0.431482 0.197 0.2 42.94 0.97871 -0.138518 92.8633
-0.873825 -0.436745 0.195 0.2 43.19 0.973768 -0.133255 94.9995
-0.865351 -0.441132 0.195 0.2 43.24 0.963501 -0.128868 96.3269
-0.850215 -0.450354 0.196 0.2 43.18 0.947296 -0.119646 100
-0.842983 -0.454258 0.196 0.2 43.22 0.939509 -0.115742 100
-0.835939 -0.457466 0.199 0.2 42.93 0.947582 -0.112534 100
-0.827054 -0.459911 0.197 0.2 43.16 0.926181 -0.110089 100
-0.818556 -0.462996 0.197 0.2 43.19 0.917962 -0.107004 100
-0.802486 -0.469679 0.196 0.2 43.33 0.89712 -0.100321 100
-0.794329 -0.473429 0.197 0.2 43.26 0.889118 -0.096571 100
-0.785883 -0.476034 0.197 0.2 43.29 0.879576 -0.093966 100
-0.76992 -0.481931 0.196 0.2 43.43 0.862332 -0.088069 100
-0.762125 -0.485334 0.195 0.2 43.58 0.849586 -0.084666 100
-0.753224 -0.488569 0.195 0.2 43.63 0.840749 -0.081431 100
-0.744409 -0.491859 0.195 0.2 43.68 0.83471 -0.078141 100
-0.726789 -0.498001 0.195 0.2 43.73 0.810819 -0.071999 100
-0.718571 -0.500442 0.197 0.2 43.56 0.802423 -0.069558 100
-0.710454 -0.502905 0.197 0.2 43.59 0.794171 -0.067095 100
-0.702309 -0.505493 0.197 0.2 43.62 0.785959 -0.064507 100
-0.684426 -0.510801 0.199 0.2 43.43 0.767268 -0.059199 100
-0.675696 -0.513135 0.199 0.2 43.44 0.770954 -0.056865 100
-0.666067 -0.51569 0.202 0.2 43.12 0.751225 -0.05431 100
-0.656556 -0.517248 0.202 0.2 43.1 0.753354 -0.052752 100
-0.647172 -0.518817 0.205 0.2 42.75 0.736197 -0.051183 100
-0.627299 -0.522522 0.205 0.2 42.7 0.712532 -0.047478 100
-0.617081 -0.525421 0.206 0.2 42.54 0.692433 -0.044579 100
-0.607294 -0.528125 0.206 0.2 42.48 0.70262 -0.041875 100
-0.588366 -0.5303 0.206 0.2 42.42 0.682608 -0.0397 100
-0.578963 -0.530849 0.206 0.2 42.36 0.675537 -0.039151 100
-0.569969 -0.532398 0.204 0.2 42.52 0.681942 -0.037602 100
-0.561915 -0.534589 0.2 0.2 42.92 0.651369 -0.035411 100
-0.5442 -0.538657 0.197 0.2 43.25 0.639098 -0.031343 100
-0.535608 -0.539935 0.197 0.2 43.28 0.639872 -0.030065 100
-0.527196 -0.541232 0.195 0.2 43.53 0.62781 -0.028768 100
-0.519146 -0.542646 0.195 0.2 43.58 0.626048 -0.027354 100
-0.510264 -0.543759 0.195 0.2 43.63 0.618366 -0.026241 100
-0.491336 -0.545481 0.195 0.2 43.68 0.596978 -0.024519 100
-0.481631 -0.54744 0.196 0.2 43.62 0.581758 -0.02256 100
-0.471452 -0.547549 0.2 0.2 43.22 0.580916 -0.022451 100
-0.461389 -0.547298 0.2 0.2 43.22 0.559198 -0.022702 100
-0.442676 -0.545429 0.202 0.2 43 0.549983 -0.024571 100
-0.433948 -0.545777 0.204 0.2 42.76 0.530715 -0.024223 100
-0.425585 -0.546017 0.204 0.2 42.72 0.533386 -0.023983 100
-0.409088 -0.544763 0.203 0.2 42.79 0.514724 -0.025237 99.2484
-0.400388 -0.545772 0.203 0.2 42.76 0.491043 -0.024228 94.481
-0.392693 -0.545165 0.2 0.2 43.06 0.498146 -0.024835 95.0771
-0.384194 -0.544988 0.198 0.2 43.28 0.493483 -0.025012 93.3566
-0.375302 -0.544977 0.196 0.2 43.52 0.480026 -0.025023 89.6053
-0.357972 -0.544117 0.194 0.2 43.78 0.463188 -0.025883 83.8968
-0.348706 -0.543709 0.193 0.2 43.95 0.452561 -0.026291 80.5004
-0.339013 -0.543222 0.193 0.2 44.02 0.441826 -0.026778 77.1472
-0.321512 -0.541156 0.194 0.2 43.98 0.417164 -0.028844 68.4176
-0.312531 -0.540176 0.194 0.2 44.04 0.40876 -0.029824 65.031
-0.302533 -0.541004 0.199 0.2 43.55 0.409512 -0.028996 67.2136
-0.292781 -0.540366 0.201 0.2 43.34 0.401373 -0.029634 64.7196
-0.273383 -0.538999 0.203 0.2 43.11 0.371176 -0.031001 55.7443
-0.263426 -0.537322 0.207 0.2 42.64 0.376642 -0.032678 55.8551
-0.253267 -0.536896 0.21 0.2 42.24 0.368019 -0.033104 53.7226
-0.243016 -0.536606 0.213 0.2 41.81 0.360061 -0.033394 51.9156
-0.224349 -0.536036 0.213 0.2 41.68 0.348719 -0.033964 48.3743
-0.215296 -0.535146 0.209 0.2 41.99 0.340983 -0.034854 44.6037
-0.206036 -0.533267 0.207 0.2 42.12 0.325462 -0.036733 38.0295
-0.19494 -0.534619 0.207 0.2 42.05 0.329667 -0.035381 40.7055
-0.184945 -0.534342 0.206 0.2 42.09 0.32817 -0.035658 39.7898
-0.166047 -0.535236 0.206 0.2 42.03 0.317764 -0.034764 38.2186
-0.15808 -0.533878 0.205 0.2 42.08 0.298736 -0.036122 31.5538
-0.148652 -0.534698 0.203 0.2 42.25 0.295538 -0.035302 31.3091
-0.128474 -0.534272 0.201 0.2 42.44 0.285672 -0.035728 27.8574
-0.118266 -0.534015 0.201 0.2 42.43 0.279143 -0.035985 25.8858
-0.107211 -0.536965 0.203 0.2 42.2 0.294713 -0.033035 33.8561
-0.097022 -0.537773 0.206 0.2 41.84 0.288799 -0.032227 33.9125
-0.087643 -0.536425 0.209 0.2 41.45 0.28352 -0.033575 31.5317
-0.071968 -0.534769 0.209 0.2 41.36 0.266569 -0.035231 25.2715
-0.062914 -0.535982 0.207 0.2 41.49 0.276352 -0.034018 28.7996
-0.054135 -0.534763 0.202 0.2 41.97 0.262013 -0.035237 22.6676
-0.044452 -0.535202 0.201 0.2 42.06 0.253519 -0.034798 20.836
-0.026026 -0.535204 0.201 0.2 42.05 0.249493 -0.034796 19.8166
-0.016708 -0.536875 0.201 0.2 42.04 0.260299 -0.033125 24.6107
-0.007982 -0.537233 0.201 0.2 42.03 0.256583 -0.032767 24.1077
0.000439 -0.536423 0.199 0.2 42.24 0.240619 -0.033577 18.6458
0.020171 -0.538091 0.199 0.2 42.25 0.249507 -0.031909 22.9729
0.028418 -0.537175 0.201 0.2 42.04 0.236585 -0.032825 18.9609
0.036497 -0.537394 0.202 0.2 41.92 0.229656 -0.032606 17.6703
0.045424 -0.538963 0.202 0.2 41.9 0.245225 -0.031037 23.5454
0.062762 -0.538665 0.202 0.2 41.88 0.239207 -0.031335 21.6523
0.071814 -0.538848 0.201 0.2 41.97 0.243013 -0.031152 22.6526
0.08177 -0.538692 0.201 0.2 41.96 0.228144 -0.031308 18.6864
0.092889 -0.539276 0.202 0.2 41.84 0.24108 -0.030724 22.8776
0.112704 -0.538718 0.205 0.2 41.49 0.237306 -0.031282 21.7966
0.122518 -0.538922 0.206 0.2 41.33 0.210963 -0.031078 15.5401
0.130861 -0.538501 0.206 0.2 41.27 0.213436 -0.031499 15.6609
0.150212 -0.538078 0.204 0.2 41.43 0.21733 -0.031922 15.7635
0.160714 -0.538385 0.204 0.2 41.39 0.224424 -0.031615 17.9368
0.169405 -0.536914 0.205 0.2 41.24 0.203482 -0.033086 11.0322
0.178496 -0.536652 0.206 0.2 41.08 0.198788 -0.033348 9.72007
0.187297 -0.537168 0.205 0.2 41.13 0.217953 -0.032832 15.0115
0.204205 -0.537645 0.202 0.2 41.41 0.214114 -0.032355 14.033
0.214035 -0.538098 0.2 0.2 41.61 0.209776 -0.031902 13.096
0.223897 -0.537668 0.197 0.2 41.94 0.187263 -0.032332 6.24144
0.234707 -0.538064 0.199 0.2 41.75 0.201139 -0.031936 10.6634
0.254932 -0.537171 0.201 0.2 41.54 0.197644 -0.032829 9.0723
0.264248 -0.537722 0.203 0.2 41.31 0.182137 -0.032278 6.20601
0.273787 -0.537987 0.206 0.2 40.95 0.178356 -0.032013 6.13871
0.283505 -0.537739 0.207 0.2 40.78 0.19564 -0.032261 10.4145
0.301032 -0.536548 0.205 0.2 40.93 0.194403 -0.033452 8.28649
0.309629 -0.535357 0.204 0.2 40.99 0.170266 -0.034643 0.520754
0.31854 -0.535239 0.203 0.2 41.06 0.171899 -0.034761 0.585661
0.327098 -0.536216 0.202 0.2 41.14 0.184633 -0.033784 4.80181
0.34325 -0.535579 0.2 0.2 41.34 0.165393 -0.034421 -1.27968
0.352719 -0.535954 0.195 0.2 41.89 0.169943 -0.034046 -0.738344
0.362679 -0.536114 0.193 0.2 42.16 0.162298 -0.033886 -2.92011
0.373656 -0.537172 0.195 0.2 42.01 0.188218 -0.032828 5.43987
0.391864 -0.537035 0.197 0.2 41.84 0.163326 -0.032965 -0.627585
0.40022 -0.537338 0.198 0.2 41.76 0.162656 -0.032662 -0.210983
0.408546 -0.537224 0.199 0.2 41.67 0.160527 -0.032776 -0.688021
0.417842 -0.538265 0.198 0.2 41.79 0.197088 -0.031735 9.68568
0.436724 -0.538133 0.199 0.2 41.7 0.182277 -0.031867 5.96184
0.446601 -0.538229 0.201 0.2 41.49 0.164986 -0.031771 2.08581
0.45591 -0.539365 0.204 0.2 41.15 0.16328 -0.030635 3.60982
0.45591 -0.539365 0.204 0.2 41.11 0.16328 -0.030635 3.60982
0.45591 -0.539365 0.204 0.2 41.07 0.16328 -0.030635 3.60982
0.45591 -0.539365 0.204 0.2 41.03 0.16328 -0.030635 3.60982
0.45591 -0.539365 0.204 0.2 40.99 0.16328 -0.030635 3.60982
0.45591 -0.539365 0.204 0.2 40.95 0.16328 -0.030635 3.60982
0.45591 -0.539365 0.204 0.2 40.91 0.16328 -0.030635 3.60982
