x       y       velocity      desired_vel     vel_output(30%)      heading    crosstrack_error   steer_angle
0 0 0 0 0 0 0 0
0 0 0 0 0 0 0 0
0 0 0 0 0 0 0 0
0 0 0.025 0 0 0 0 0
0 0 0.04 0 0 0 0 0
0 0 0.05 0 0 0 0 0
0 0 0.064 0 0 0 0 0
0 0 0.078 0 0 0 0 0
0 0 0.083 0 0 0 0 0
0 0 0.093 0 0 0 0 0
0 0 0.097 0 0 0 0 0
0 0 0.101 0 0 0 0 0
0 0 0.108 0 0 0 0 0
0 0 0.108 0 0 0 0 0
0 0 0.109 0 0 0 0 0
0 0 0.11 0 0 0 0 0
0 0 0.112 0 0 0 0 0
0 0 0.112 0 0 0 0 0
0 0 0.112 0 0 0 0 0
0 0 0.113 0 0 0 0 0
0 0 0.114 0 0 0 0 0
0 0 0.115 0 0 0 0 0
0 0 0.115 0 0 0 0 0
0 0 0.114 0 0 0 0 0
0 0 0.114 0 0 0 0 0
0 0 0.113 0 0 0 0 0
0 0 0.115 0 0 0 0 0
0 0 0.115 0 0 0 0 0
0 0 0.116 0 0 0 0 0
0 0 0.116 0 0 0 0 0
0 0 0.115 0 0 0 0 0
0 0 0.114 0 0 0 0 0
0 0 0.114 0 0 0 0 0
0 0 0.114 0 0 0 0 0
0 0 0.113 0 0 0 0 0
0 0 0.112 0 0 0 0 0
0 0 0.112 0 0 0 0 0
0 0 0.114 0 0 0 0 0
0 0 0.116 0 0 0 0 0
0 0 0.118 0 0 0 0 0
0 0 0.121 0 0 0 0 0
0 0 0.121 0 0 0 0 0
0 0 0.122 0 0 0 0 0
0 0 0.121 0 0 0 0 0
0 0 0.12 0 0 0 0 0
0 0 0.119 0 0 0 0 0
0 0 0.117 0 0 0 0 0
0 0 0.117 0 0 0 0 0
0 0 0.12 0 0 0 0 0
0 0 0.12 0 0 0 0 0
0 0 0.122 0 0 0 0 0
0 0 0.12 0 0 0 0 0
0 0 0.119 0 0 0 0 0
0 0 0.12 0 0 0 0 0
0 0 0.118 0 0 0 0 0
0 0 0.119 0 0 0 0 0
0 0 0.115 0 0 0 0 0
0 0 0.115 0 0 0 0 0
0 0 0.117 0 0 0 0 0
0 0 0.118 0 0 0 0 0
0 0 0.118 0 0 0 0 0
0 0 0.12 0 0 0 0 0
0 0 0.117 0 0 0 0 0
0 0 0.115 0 0 0 0 0
0 0 0.115 0 0 0 0 0
0 0 0.113 0 0 0 0 0
0 0 0.112 0 0 0 0 0
0 0 0.112 0 0 0 0 0
0 0 0.114 0 0 0 0 0
0 0 0.116 0 0 0 0 0
0 0 0.116 0 0 0 0 0
0 0 0.116 0 0 0 0 0
0 0 0.117 0 0 0 0 0
0 0 0.116 0 0 0 0 0
0 0 0.116 0 0 0 0 0
0 0 0.116 0 0 0 0 0
0 0 0.116 0 0 0 0 0
0 0 0.118 0 0 0 0 0
0 0 0.119 0 0 0 0 0
0 0 0.12 0 0 0 0 0
0 0 0.12 0 0 0 0 0
0 0 0.119 0 0 0 0 0
0 0 0.118 0 0 0 0 0
0 0 0.117 0 0 0 0 0
0 0 0.115 0 0 0 0 0
0 0 0.114 0 0 0 0 0
0 0 0.115 0 0 0 0 0
0 0 0.116 0 0 0 0 0
0 0 0.118 0 0 0 0 0
0 0 0.118 0 0 0 0 0
0 0 0.119 0 0 0 0 0
0 0 0.119 0 0 0 0 0
0 0 0.121 0 0 0 0 0
0 0 0.122 0 0 0 0 0
0 0 0.123 0 0 0 0 0
0 0 0.125 0 0 0 0 0
0 0 0.124 0 0 0 0 0
0 0 0.123 0 0 0 0 0
0 0 0.123 0 0 0 0 0
0 0 0.122 0 0 0 0 0
0 0 0.121 0 0 0 0 0
0 0 0.122 0 0 0 0 0
0 0 0.122 0 0 0 0 0
0 0 0.122 0 0 0 0 0
0 0 0.119 0 0 0 0 0
0 0 0.118 0 0 0 0 0
0 0 0.117 0 0 0 0 0
0 0 0.118 0 0 0 0 0
0 0 0.119 0 0 0 0 0
0 0 0.119 0 0 0 0 0
0 0 0.119 0 0 0 0 0
0 0 0.119 0 0 0 0 0
0 0 0.12 0 0 0 0 0
0 0 0.121 0 0 0 0 0
0 0 0.12 0 0 0 0 0
0 0 0.118 0 0 0 0 0
0 0 0.116 0 0 0 0 0
0 0 0.116 0 0 0 0 0
0 0 0.116 0 0 0 0 0
0 0 0.117 0 0 0 0 0
0 0 0.117 0 0 0 0 0
0 0 0.117 0 0 0 0 0
0 0 0.118 0 0 0 0 0
0 0 0.118 0 0 0 0 0
