timestamp   actual_x   actual_y     actual_t    x_estimate    y_estimate   t_estimate   x_mes  y_mes  t_mes 
0.05 0.00307547 2.24011e-06 -3.40946e-05 0.0242078 -0.0490613 0.128901 0.0244191 -0.0495558 0.129777 -3.08324e-06
0.05 0.0170163 1.90503e-05 3.31096e-05 0.119582 0.0699726 0.0149853 0.200943 0.188596 -0.0872453 0.00339545
0.05 0.0351105 9.01105e-05 0.000445531 0.12347 0.0338587 -0.00965168 0.095578 -0.0365082 -0.0472034 0.0129649
0.05 0.0496016 0.000189756 0.00109681 0.141736 0.0435302 -0.0231896 0.152576 0.0726004 -0.0511757 0.0215964
0.05 0.0676725 0.000405529 0.00228691 0.137889 0.0461493 -0.0942566 0.0561651 0.063983 -0.245687 0.0215964
0.05 0.0893716 0.000787877 0.00431697 0.20553 0.0203167 -0.0860223 0.413444 -0.0878533 -0.0709162 0.02875
0.051 0.107459 0.00121725 0.00669504 0.246044 0.0079497 -0.0332082 0.363121 -0.0561181 0.0793954 0.0484003
0.049 0.121933 0.00165497 0.00903683 0.280735 0.000138855 0.0151095 0.398885 -0.0501082 0.119884 0.0484003
0.05 0.143594 0.00248736 0.0132839 0.287252 -0.00225918 -0.0273551 0.190102 -0.0103405 -0.133496 0.0544395
0.05 0.161588 0.0033327 0.0172981 0.290403 -0.0116588 -0.00675094 0.187673 -0.0764695 0.0308235 0.0752625
0.05 0.179486 0.00430224 0.0218922 0.293597 -0.00902296 -0.00538181 0.185638 0.0119212 -0.0135923 0.0752625
0.05 0.197336 0.00542346 0.0270462 0.312543 -0.0153829 0.0133298 0.320669 -0.0667484 0.0460456 0.0776147
0.05 0.211652 0.00643562 0.031566 0.320066 -0.0340431 0.0500393 0.26546 -0.191681 0.125956 0.0976232
0.051 0.232992 0.00813579 0.0388805 0.318943 -0.045016 0.0437222 0.13316 -0.140243 0.0143242 0.0976232
0.049 0.250733 0.00971905 0.0452397 0.337396 -0.0360126 0.0589988 0.343049 0.0307881 0.0784144 0.0974908
0.05 0.268401 0.0114652 0.052112 0.360499 -0.0370118 0.0472843 0.406821 -0.0494766 0.00592158 0.102751
0.05 0.286006 0.0133734 0.0592698 0.364322 -0.0403231 0.0579509 0.242334 -0.0775512 0.0658508 0.119783
0.05 0.303634 0.015452 0.0665291 0.37371 -0.0464424 0.0244199 0.298739 -0.0979234 -0.0686861 0.119783
0.05 0.31767 0.0172581 0.0728101 0.372713 -0.033034 0.0353759 0.236054 0.0828747 0.0443109 0.118729
0.05 0.338689 0.0201287 0.0825561 0.392437 -0.0196759 0.0441926 0.378979 0.0947274 0.0403489 0.123995
0.05 0.356191 0.0227258 0.0909628 0.4 -0.0307819 0.0850984 0.307476 -0.149162 0.161421 0.139039
0.05 0.373538 0.0254948 0.0995478 0.409858 -0.0040421 0.101645 0.339373 0.225531 0.113831 0.142944
0.05 0.390828 0.0284809 0.108697 0.428915 0.0042746 0.176138 0.445282 0.0447369 0.324934 0.147348
0.05 0.404618 0.0309788 0.116019 0.446965 -0.00642888 0.208095 0.487345 -0.135348 0.267247 0.147348
0.051 0.425272 0.0349432 0.127387 0.461975 -0.00457083 0.173685 0.407701 -0.0136989 0.0701054 0.144092
0.049 0.442361 0.0384686 0.137191 0.486137 -0.000409091 0.208094 0.552873 0.00273153 0.264911 0.15602
0.05 0.459495 0.0421739 0.146877 0.513101 0.00905265 0.184579 0.603664 0.0738729 0.107259 0.15602
0.05 0.476534 0.0460663 0.156784 0.520309 0.0198403 0.188691 0.425996 0.0926023 0.172833 0.163111
0.05 0.490106 0.0493327 0.164937 0.530158 0.0217317 0.189052 0.493262 0.01706 0.171228 0.163111
0.05 0.510409 0.0544315 0.177408 0.550713 0.0371452 0.187893 0.550014 0.148989 0.155856 0.157076
0.05 0.527234 0.0589137 0.187976 0.553554 0.0419829 0.168329 0.416786 0.0660267 0.0982061 0.169679
0.05 0.540698 0.0626301 0.196428 0.554427 0.0329312 0.191896 0.432916 -0.0787141 0.228374 0.169679
0.051 0.560729 0.068423 0.209284 0.568124 0.019075 0.20591 0.503843 -0.149518 0.213689 0.163593
0.049 0.577442 0.073457 0.220003 0.582268 0.0410577 0.173129 0.551977 0.227793 0.0704794 0.162693
0.05 0.594003 0.0786862 0.230924 0.598597 0.0464933 0.176367 0.590791 0.0718941 0.158043 0.176919
0.05 0.610469 0.0841156 0.241918 0.622384 0.0641536 0.172162 0.685474 0.206706 0.134534 0.176919
0.05 0.626975 0.0896961 0.252643 0.646163 0.0758626 0.161118 0.707891 0.164728 0.110557 0.165252
0.05 0.646624 0.0966642 0.265965 0.676718 0.0786129 0.20259 0.773063 0.0639833 0.267426 0.181369
0.05 0.659657 0.101497 0.275138 0.677006 0.0993562 0.192937 0.549594 0.274003 0.146378 0.177717
0.05 0.675942 0.107679 0.286461 0.692656 0.105018 0.206271 0.679044 0.126362 0.210021 0.184309
0.05 0.692144 0.114071 0.297867 0.70807 0.0919643 0.239597 0.693621 -0.0714891 0.292976 0.185539
0.05 0.704985 0.119291 0.306942 0.697028 0.0984432 0.313206 0.46789 0.110412 0.45967 0.185539
0.05 0.724209 0.12739 0.320788 0.714354 0.0981843 0.344615 0.69176 0.0294601 0.387701 0.17739
0.05 0.740125 0.134327 0.332349 0.743943 0.103044 0.332171 0.867727 0.100958 0.27763 0.188615
0.05 0.755943 0.141487 0.344178 0.75435 0.110993 0.371505 0.699847 0.124339 0.434065 0.189402
0.05 0.77167 0.148833 0.355845 0.774457 0.126578 0.40779 0.814442 0.207159 0.462607 0.189402
0.05 0.787268 0.156381 0.367992 0.788952 0.15378 0.44552 0.778677 0.33835 0.500902 0.191388
0.05 0.802811 0.164133 0.379951 0.805171 0.167796 0.371452 0.800392 0.254005 0.17259 0.191388
0.05 0.818229 0.172056 0.391885 0.824176 0.166525 0.385184 0.851412 0.0944185 0.392438 0.182606
0.05 0.8305 0.178542 0.401722 0.842373 0.169657 0.400402 0.89369 0.148449 0.415316 0.182658
0.05 0.848772 0.188447 0.416577 0.847854 0.196193 0.432985 0.720575 0.364932 0.469288 0.197807
0.05 0.863888 0.196966 0.428774 0.862921 0.227842 0.487541 0.862192 0.446017 0.579921 0.197807
0.05 0.88189 0.207406 0.443227 0.870299 0.221014 0.410699 0.752329 0.091662 0.202805 0.195274
0.051 0.893764 0.214476 0.452922 0.8816 0.228841 0.442634 0.871459 0.244513 0.493655 0.192212
0.049 0.90854 0.223495 0.465046 0.906912 0.219456 0.427869 0.994932 0.0682694 0.369844 0.19691
0.05 0.923149 0.232678 0.477243 0.90802 0.222301 0.434319 0.768548 0.182742 0.420727 0.19691
0.05 0.937712 0.242035 0.489377 0.937756 0.223522 0.449793 1.07147 0.165399 0.461609 0.18366
0.05 0.952109 0.251581 0.501589 0.953042 0.224743 0.51041 0.956622 0.151873 0.622809 0.19779
0.05 0.966453 0.261283 0.51371 0.968508 0.223197 0.506914 0.969462 0.132903 0.472573 0.19779
0.05 0.977824 0.269165 0.523631 0.969549 0.229192 0.530698 0.866344 0.218558 0.562044 0.197256
0.05 0.99472 0.281276 0.538508 0.996468 0.248661 0.565493 1.08515 0.327965 0.610995 0.197256
0.05 1.00861 0.291557 0.551035 0.99829 0.258706 0.577848 0.877056 0.265778 0.576594 0.197963
0.05 1.0196 0.299878 0.560934 1.01169 0.261821 0.638449 1.03671 0.207579 0.756191 0.197963
0.05 1.03605 0.312605 0.575522 1.0337 0.280659 0.603266 1.07572 0.354806 0.489582 0.188599
0.05 1.04958 0.323401 0.587763 1.03999 0.288824 0.583078 0.958567 0.281394 0.507705 0.198545
0.05 1.06292 0.334325 0.600503 1.07039 0.303011 0.601423 1.22359 0.346363 0.616093 0.20115
0.05 1.07617 0.345408 0.612672 1.07837 0.324762 0.644353 1.02454 0.430105 0.711625 0.20115
0.05 1.08925 0.35669 0.625332 1.09407 0.328292 0.695569 1.11865 0.253765 0.786087 0.201273
0.051 1.10224 0.368129 0.63755 1.10065 0.358525 0.653702 1.02748 0.55284 0.524705 0.201273
0.049 1.11511 0.379775 0.650229 1.1171 0.373996 0.655394 1.14062 0.423314 0.629779 0.203036
0.05 1.12773 0.391534 0.663009 1.12193 0.378677 0.664681 1.03714 0.323974 0.656891 0.203962
0.052 1.14272 0.405856 0.678141 1.13163 0.383738 0.701873 1.07308 0.304645 0.753038 0.203962
0.05 1.15259 0.415514 0.68833 1.13772 0.380593 0.70343 1.09344 0.268257 0.685473 0.201333
0.048 1.16479 0.427807 0.700859 1.13915 0.398184 0.637712 1.01276 0.476631 0.454915 0.204496
0.05 1.17676 0.4402 0.713761 1.17301 0.42254 0.67339 1.36761 0.551171 0.726641 0.20453
0.051 1.18857 0.452755 0.726751 1.19638 0.429731 0.727194 1.29791 0.386538 0.823689 0.20453
0.049 1.20023 0.465422 0.739367 1.21459 0.453006 0.752791 1.26832 0.562143 0.781469 0.204383
0.05 1.21172 0.478238 0.752145 1.21459 0.46261 0.737132 1.08958 0.448229 0.670553 0.205906
0.051 1.2231 0.49124 0.764914 1.23643 0.476605 0.797412 1.33201 0.488595 0.907562 0.205906
0.049 1.23422 0.50435 0.777697 1.23463 0.495313 0.8238 1.1068 0.552335 0.854003 0.194726
0.05 1.24528 0.517633 0.790395 1.25391 0.516985 0.889972 1.33737 0.590606 1.0142 0.194588
0.05 1.25396 0.528363 0.800799 1.26521 0.526973 0.852879 1.28038 0.529132 0.746172 0.193178
0.05 1.2668 0.544594 0.816011 1.28201 0.516696 0.861078 1.30961 0.273276 0.848137 0.210986
0.05 1.27724 0.558261 0.82883 1.30229 0.521145 0.83794 1.3796 0.447446 0.757443 0.210986
0.05 1.28755 0.572107 0.841656 1.31983 0.541215 0.808277 1.36708 0.618757 0.710574 0.206754
0.05 1.29765 0.58607 0.854867 1.32742 0.560461 0.860828 1.29577 0.616378 0.950377 0.208709
0.05 1.30564 0.597345 0.865074 1.33867 0.559392 0.830977 1.3511 0.457643 0.740424 0.208709
0.05 1.31738 0.614487 0.880598 1.353 0.57638 0.873788 1.3626 0.586045 0.937907 0.199558
0.05 1.32694 0.628859 0.893692 1.37165 0.618045 0.888164 1.44494 0.88737 0.890497 0.196695
0.05 1.33628 0.643254 0.90673 1.38249 0.638912 0.913694 1.38602 0.707831 0.943481 0.197429
0.051 1.34545 0.657895 0.919596 1.39962 0.666126 0.931641 1.46358 0.793713 0.942154 0.210654
0.049 1.35442 0.672532 0.932601 1.39306 0.672628 0.934038 1.23116 0.605067 0.908364 0.20766
0.05 1.36149 0.684351 0.942962 1.39581 0.683787 0.967276 1.34936 0.680422 1.01926 0.20766
0.05 1.37186 0.702215 0.958315 1.41073 0.691911 1.00401 1.44638 0.603649 1.05662 0.197207
0.051 1.38192 0.720286 0.973985 1.41126 0.702901 0.996175 1.30453 0.645716 0.941404 0.208746
0.049 1.38689 0.729361 0.98175 1.40867 0.712981 1.01092 1.33258 0.724829 1.02603 0.203391
0.051 1.39662 0.747651 0.996771 1.40907 0.738098 1.0556 1.31655 0.804444 1.12086 0.203391
0.049 1.40602 0.766091 1.0123 1.41811 0.759836 1.07219 1.40784 0.794778 1.07648 0.195027
0.05 1.41216 0.778455 1.02233 1.42886 0.777568 1.07597 1.46673 0.831884 1.06174 0.202595
0.05 1.41966 0.79406 1.03497 1.4362 0.810784 1.10005 1.43139 0.979667 1.12435 0.203869
0.05 1.42552 0.806569 1.04518 1.41673 0.835327 1.13636 1.17997 0.947102 1.19122 0.203544
0.051 1.43406 0.825462 1.06049 1.43331 0.846553 1.13751 1.50348 0.776813 1.10759 0.203544
0.049 1.44094 0.841323 1.07305 1.44456 0.858667 1.10759 1.47042 0.830665 1.01096 0.203017
0.05 1.44763 0.857305 1.0855 1.44014 0.873286 1.11142 1.32259 0.865762 1.08907 0.203017
0.05 1.45289 0.870138 1.09553 1.43612 0.901377 1.13274 1.34338 1.0483 1.15674 0.191613
0.05 1.46047 0.889388 1.11075 1.44537 0.918676 1.12254 1.44275 0.908435 1.06631 0.193856
0.052 1.46658 0.905544 1.12342 1.45837 0.935221 1.14097 1.51223 0.943898 1.15531 0.203748
0.048 1.47252 0.921837 1.13593 1.46269 0.951696 1.09822 1.41964 0.965726 0.970158 0.203951
0.05 1.47709 0.934924 1.1462 1.47046 0.968705 1.09599 1.48125 1.01463 1.0672 0.206102
0.05 1.48369 0.954612 1.16146 1.48505 0.988339 1.14277 1.54213 0.99512 1.21594 0.206102
0.05 1.48892 0.971077 1.1742 1.49766 1.00988 1.21856 1.56734 1.05669 1.36592 0.192852
0.05 1.49394 0.987514 1.18686 1.51705 1.01811 1.19466 1.63375 0.947975 1.1138 0.205934
0.05 1.4988 1.00408 1.19948 1.5061 1.02432 1.23061 1.34891 0.927467 1.28142 0.205934
0.05 1.50254 1.01737 1.20936 1.51104 1.04746 1.24081 1.51465 1.14367 1.24167 0.193125
0.05 1.50786 1.03738 1.22474 1.51489 1.06675 1.25563 1.48791 1.06373 1.25619 0.193455
0.05 1.51121 1.05067 1.23509 1.52885 1.07765 1.23596 1.61263 1.06052 1.16953 0.205054
0.05 1.5161 1.07091 1.2501 1.55337 1.10053 1.27204 1.72682 1.1293 1.32318 0.205054
0.051 1.51988 1.08778 1.26283 1.54945 1.10868 1.31751 1.4741 1.0255 1.39379 0.190135
0.049 1.52344 1.10469 1.27535 1.55128 1.11815 1.29549 1.5174 1.05229 1.21778 0.190107
0.05 1.52682 1.12159 1.2879 1.54509 1.13609 1.27878 1.43388 1.15119 1.21097 0.191349
0.05 1.52999 1.13856 1.30048 1.53363 1.14689 1.28856 1.37766 1.09222 1.281 0.190801
0.05 1.53299 1.15568 1.31299 1.53687 1.14973 1.3238 1.52833 1.01599 1.37802 0.191088
0.05 1.5363 1.17625 1.32795 1.54829 1.18655 1.32705 1.60471 1.34576 1.30036 0.201114
0.05 1.5383 1.18991 1.33815 1.55471 1.20744 1.31731 1.57835 1.28014 1.27238 0.20033
0.05 1.54063 1.20705 1.3506 1.55204 1.2288 1.30419 1.47842 1.27457 1.24384 0.20033
0.05 1.54275 1.22419 1.36306 1.5585 1.22939 1.29722 1.57083 1.0781 1.25548 0.190005
0.05 1.54462 1.24142 1.37546 1.5683 1.25051 1.35443 1.62989 1.28909 1.45789 0.202045
0.05 1.54629 1.25859 1.38822 1.57103 1.25849 1.36142 1.55997 1.17462 1.34904 0.202045
0.05 1.54777 1.2757 1.4006 1.55156 1.27699 1.35669 1.32879 1.29392 1.31282 0.1999
0.05 1.54876 1.28951 1.41059 1.53808 1.29584 1.39229 1.39014 1.34461 1.44802 0.1999
0.051 1.55008 1.31024 1.42513 1.54155 1.31986 1.38784 1.5335 1.3551 1.34283 0.201988
0.049 1.55092 1.32756 1.43752 1.52568 1.33481 1.41144 1.34931 1.31389 1.43312 0.201113
0.05 1.55155 1.34482 1.44982 1.53372 1.34311 1.4468 1.59055 1.25862 1.50094 0.201113
0.051 1.55203 1.36212 1.46186 1.53156 1.35083 1.4067 1.47482 1.26346 1.28522 0.201431
0.049 1.55224 1.37943 1.47423 1.53161 1.37273 1.44232 1.51252 1.4174 1.49499 0.199814
0.05 1.55225 1.39327 1.48404 1.51247 1.38235 1.44759 1.31352 1.34332 1.43308 0.199829
0.05 1.55197 1.41408 1.49931 1.50046 1.42751 1.49223 1.37225 1.65908 1.55594 0.204757
0.05 1.55142 1.43483 1.51416 1.50822 1.44568 1.50213 1.5644 1.422 1.49132 0.204757
0.05 1.55087 1.44871 1.52407 1.50493 1.45552 1.48432 1.45656 1.41797 1.42113 0.18762
0.05 1.55 1.46595 1.53648 1.5018 1.46639 1.47829 1.4528 1.40677 1.43675 0.189292
0.05 1.54887 1.48318 1.54917 1.51041 1.49503 1.50605 1.58158 1.60346 1.54414 0.189753
0.05 1.54755 1.50039 1.56167 1.49421 1.51489 1.53668 1.33644 1.53939 1.57675 0.188502
0.05 1.54603 1.51762 1.57415 1.4994 1.53707 1.58551 1.55408 1.5829 1.67005 0.200729
0.05 1.5443 1.53474 1.58638 1.50836 1.56202 1.55066 1.581 1.6362 1.44394 0.200729
0.05 1.54235 1.5519 1.5989 1.51217 1.58201 1.58254 1.55087 1.60781 1.62804 0.20048
0.05 1.5402 1.56902 1.61128 1.51645 1.61329 1.61585 1.56528 1.74657 1.66484 0.20048
0.05 1.53782 1.58616 1.62354 1.50797 1.63058 1.62271 1.43374 1.63065 1.61015 0.187904
0.05 1.5352 1.60332 1.63583 1.5217 1.63733 1.64455 1.66269 1.53672 1.66898 0.201346
0.05 1.53243 1.62041 1.64821 1.50897 1.65705 1.66826 1.40422 1.68053 1.69169 0.201346
0.051 1.52941 1.63742 1.66066 1.52146 1.66208 1.7041 1.66255 1.54679 1.76082 0.200087
0.049 1.52623 1.65437 1.67294 1.53016 1.67581 1.66762 1.61906 1.64249 1.55755 0.200087
0.05 1.5228 1.67129 1.68543 1.53901 1.70047 1.69518 1.64288 1.77205 1.73206 0.202725
0.05 1.51914 1.68819 1.69791 1.53529 1.72053 1.6936 1.51613 1.74763 1.66082 0.202725
0.05 1.51448 1.70839 1.71302 1.52205 1.73212 1.71807 1.42406 1.64703 1.73698 0.2035
0.05 1.51117 1.72179 1.7232 1.52001 1.7464 1.69085 1.50893 1.75102 1.60565 0.199189
0.05 1.50603 1.74191 1.7381 1.51554 1.7591 1.68899 1.49142 1.68313 1.64944 0.202425
0.05 1.5024 1.75524 1.74809 1.51513 1.78871 1.73009 1.53571 1.94091 1.80214 0.202379
0.05 1.49767 1.77192 1.76083 1.50635 1.81582 1.76335 1.45545 1.91173 1.80997 0.202379
0.05 1.49277 1.78849 1.77335 1.499 1.83775 1.73607 1.44904 1.8833 1.64557 0.191065
0.05 1.48761 1.80497 1.78632 1.48973 1.84967 1.78054 1.43866 1.80255 1.85227 0.203986
0.051 1.48228 1.82134 1.7989 1.51193 1.87769 1.79192 1.75507 1.98386 1.79482 0.203986
0.049 1.47558 1.84095 1.81433 1.50889 1.87706 1.82524 1.52904 1.67992 1.86633 0.204752
0.05 1.47093 1.85394 1.82443 1.50914 1.88824 1.84863 1.54824 1.8683 1.88003 0.202271
0.05 1.46497 1.87016 1.83713 1.50049 1.89731 1.84622 1.45928 1.82443 1.81048 0.20421
0.05 1.46003 1.88306 1.84717 1.48497 1.90872 1.83634 1.36839 1.88963 1.78814 0.20421
0.05 1.45233 1.90236 1.86256 1.47914 1.95126 1.84433 1.47333 2.16466 1.83082 0.193263
0.05 1.44706 1.91518 1.87239 1.46521 1.9613 1.89331 1.38001 1.93292 1.98183 0.192576
0.05 1.43894 1.93426 1.88749 1.45058 1.97465 1.89507 1.37034 1.91348 1.86164 0.207273
0.05 1.43053 1.9532 1.9029 1.43649 1.98954 1.91161 1.3662 1.94461 1.91254 0.205807
0.05 1.42476 1.96572 1.91304 1.42069 1.99949 1.94484 1.32174 1.97292 1.99598 0.201428
0.05 1.41888 1.97825 1.923 1.41225 2.0052 1.9366 1.37544 1.93532 1.89308 0.206271
0.05 1.40979 1.99691 1.93825 1.39517 2.03042 1.92925 1.2971 2.08374 1.87556 0.206271
0.05 1.40205 2.01234 1.95107 1.38538 2.0469 1.98709 1.36347 2.05476 2.09178 0.194091
0.05 1.39411 2.02754 1.96398 1.39966 2.06409 1.98385 1.59586 2.0763 1.95333 0.193613
0.052 1.38429 2.04576 1.97933 1.40889 2.06365 1.99655 1.57422 1.87867 1.99279 0.204846
0.048 1.3776 2.05782 1.98963 1.40453 2.06248 1.9993 1.41544 1.93111 1.98147 0.205312
0.05 1.36909 2.07283 2.00218 1.40811 2.0872 2.00653 1.50796 2.17201 1.99671 0.205312
0.05 1.36033 2.08768 2.01496 1.39382 2.10542 2.03999 1.33347 2.13287 2.0882 0.194707
0.05 1.35316 2.0995 2.02515 1.38026 2.10857 2.07454 1.31765 2.02438 2.12958 0.196457
0.05 1.3422 2.1171 2.04072 1.3657 2.11871 2.11164 1.32918 2.04585 2.16154 0.197844
0.05 1.33283 2.13161 2.05363 1.36398 2.14066 2.10106 1.42533 2.205 2.05098 0.19566
0.05 1.32326 2.14596 2.0668 1.35106 2.15489 2.09823 1.30738 2.14654 2.06297 0.196644
0.051 1.31353 2.1602 2.08001 1.34132 2.16135 2.09963 1.32845 2.07938 2.07182 0.210631
0.049 1.30563 2.17146 2.09033 1.33978 2.16796 2.09271 1.38671 2.11541 2.05367 0.207655
0.05 1.2936 2.18827 2.10578 1.33351 2.18078 2.08744 1.36615 2.12896 2.03946 0.211606
0.05 1.28335 2.2021 2.11874 1.31886 2.19242 2.14089 1.27171 2.1672 2.23225 0.211606
0.05 1.27498 2.21315 2.12905 1.31118 2.21552 2.16953 1.31366 2.32685 2.21401 0.197012
0.05 1.26225 2.22947 2.14443 1.29553 2.21784 2.17801 1.25656 2.07657 2.16093 0.200275
0.05 1.25144 2.24296 2.15736 1.27595 2.23362 2.15565 1.1749 2.24295 2.07453 0.197896
0.05 1.24046 2.25625 2.17054 1.27004 2.24452 2.17242 1.30521 2.21208 2.18105 0.212013
0.05 1.23155 2.2668 2.18082 1.24252 2.24304 2.16279 1.05165 2.11823 2.11195 0.212013
0.05 1.21803 2.28247 2.19609 1.23839 2.25246 2.16416 1.30524 2.1763 2.1333 0.201827
0.05 1.20657 2.29533 2.20922 1.23081 2.25938 2.15989 1.24612 2.18652 2.12145 0.198345
0.05 1.19726 2.30551 2.21958 1.22362 2.28066 2.17106 1.22794 2.37392 2.17366 0.212811
0.051 1.1831 2.32059 2.23511 1.20883 2.30784 2.22359 1.18879 2.41041 2.30874 0.212811
0.049 1.17118 2.333 2.24811 1.20884 2.32522 2.2196 1.30364 2.35713 2.18442 0.199369
0.05 1.15908 2.34519 2.26129 1.1855 2.33927 2.27359 1.07308 2.35065 2.36563 0.211473
0.05 1.14679 2.35728 2.2743 1.17739 2.35105 2.33862 1.21887 2.34757 2.45837 0.211473
0.051 1.13683 2.36684 2.28483 1.16198 2.34685 2.30793 1.09832 2.2056 2.21211 0.199705
0.049 1.12171 2.38097 2.30041 1.13748 2.36557 2.31636 1.03562 2.39678 2.3002 0.201314
0.051 1.11154 2.39019 2.31112 1.14895 2.38605 2.3079 1.34126 2.48051 2.26887 0.211961
0.049 1.09605 2.40391 2.32727 1.15064 2.40733 2.29579 1.29158 2.45731 2.23451 0.215275
0.05 1.08295 2.41518 2.3401 1.15457 2.43005 2.28058 1.29336 2.51654 2.21901 0.213524
0.05 1.06976 2.42623 2.35347 1.14253 2.44574 2.30677 1.13766 2.47346 2.3369 0.213524
0.05 1.05642 2.43713 2.36653 1.1248 2.45283 2.34203 1.07171 2.40364 2.39117 0.21227
0.05 1.04293 2.4478 2.37998 1.10369 2.44896 2.34725 1.01601 2.29394 2.32543 0.21227
0.05 1.03206 2.45622 2.39034 1.09194 2.46367 2.35347 1.07083 2.50949 2.34391 0.213731
0.05 1.01555 2.46864 2.40594 1.04943 2.4749 2.35982 0.782638 2.4413 2.33318 0.213731
0.05 1.00164 2.4788 2.41895 1.03917 2.48552 2.36565 1.05623 2.46944 2.34881 0.21331
0.05 0.987651 2.48883 2.43199 1.02672 2.48674 2.36653 1.02284 2.3813 2.33673 0.212542
0.05 0.973535 2.49866 2.44511 1.00067 2.50158 2.38294 0.870842 2.52934 2.38892 0.212542
0.051 0.962055 2.50641 2.45558 0.992507 2.50006 2.4204 1.01617 2.40071 2.481 0.211974
0.049 0.944823 2.51772 2.4712 0.991656 2.52416 2.45225 1.13346 2.62685 2.49322 0.211974
0.05 0.930298 2.52699 2.48444 0.980557 2.54745 2.47777 1.00354 2.66721 2.50885 0.210154
0.05 0.915669 2.53601 2.49788 0.951699 2.56403 2.50112 0.808371 2.62372 2.52399 0.209486
0.05 0.900884 2.54493 2.51069 0.937716 2.5628 2.49953 0.933979 2.44996 2.46416 0.209486
0.051 0.886023 2.55367 2.5235 0.928106 2.57498 2.47515 0.960926 2.58359 2.39221 0.195374
0.049 0.87105 2.56217 2.53665 0.888998 2.57875 2.53328 0.655249 2.52537 2.63298 0.208268
0.05 0.855982 2.57049 2.54946 0.861762 2.5936 2.53871 0.735897 2.63969 2.52071 0.209065
0.051 0.840764 2.57862 2.56277 0.839064 2.59293 2.54273 0.7573 2.49197 2.51938 0.209359
0.049 0.828559 2.58493 2.5732 0.823452 2.61671 2.5371 0.779905 2.76507 2.5025 0.209359
0.05 0.81006 2.59423 2.58875 0.823872 2.62647 2.57232 0.993225 2.61211 2.62113 0.199222
0.05 0.794628 2.60177 2.60142 0.815678 2.63139 2.5971 0.87755 2.59344 2.6266 0.194264
0.05 0.778986 2.60912 2.61415 0.807309 2.64391 2.62355 0.870505 2.68124 2.65808 0.194345
0.05 0.763338 2.61622 2.62717 0.785036 2.65313 2.64971 0.717486 2.66359 2.67991 0.20667
0.05 0.747479 2.62318 2.63986 0.760593 2.65702 2.70349 0.680034 2.62756 2.79588 0.20667
0.05 0.734724 2.62861 2.65014 0.739375 2.67008 2.74319 0.660934 2.74571 2.81143 0.20528
0.051 0.715508 2.63653 2.66529 0.728668 2.67079 2.7151 0.803094 2.58862 2.61471 0.20528
0.049 0.699426 2.64295 2.6776 0.733664 2.68264 2.71008 0.928343 2.72161 2.67381 0.193137
0.05 0.686539 2.6479 2.68781 0.715137 2.71052 2.69391 0.65451 2.91323 2.6382 0.193337
0.05 0.667086 2.65507 2.70316 0.683227 2.71996 2.67493 0.553092 2.71512 2.59686 0.195143
0.05 0.650787 2.6608 2.71575 0.670894 2.71958 2.68597 0.700432 2.64213 2.68278 0.192123
0.05 0.637701 2.66527 2.72581 0.645289 2.72495 2.73661 0.525249 2.72918 2.82998 0.191327
0.05 0.617966 2.67169 2.74105 0.622906 2.73524 2.7446 0.590571 2.75345 2.72991 0.194303
0.05 0.601567 2.67675 2.75386 0.605322 2.73159 2.7364 0.58623 2.62841 2.68621 0.206229
0.05 0.585066 2.68164 2.76677 0.582525 2.732 2.71967 0.512739 2.66349 2.65015 0.206229
0.05 0.568419 2.68636 2.77939 0.561077 2.71696 2.73997 0.508823 2.51011 2.75296 0.20306
0.05 0.551741 2.69086 2.79212 0.549438 2.7281 2.75033 0.589529 2.76878 2.74644 0.203159
0.05 0.535014 2.69515 2.80477 0.546725 2.74384 2.81212 0.678328 2.844 2.92817 0.202866
0.05 0.518199 2.6992 2.81747 0.536683 2.75852 2.82158 0.59618 2.84344 2.81676 0.202296
0.05 0.50129 2.70309 2.82991 0.521887 2.75923 2.82082 0.536479 2.7104 2.78934 0.202296
0.05 0.484392 2.70677 2.84232 0.506511 2.75638 2.83102 0.51639 2.67742 2.82591 0.190006
0.05 0.467527 2.71021 2.85482 0.487223 2.75524 2.85694 0.461243 2.69892 2.88809 0.190524
0.05 0.447142 2.71413 2.86946 0.455975 2.76576 2.89677 0.350751 2.81819 2.95416 0.201435
0.05 0.433516 2.71655 2.87945 0.430169 2.76635 2.92786 0.314394 2.74656 2.97553 0.198
0.05 0.41652 2.71935 2.892 0.418558 2.77288 2.92205 0.466705 2.79461 2.88086 0.202134
0.05 0.399487 2.722 2.90418 0.406111 2.76621 2.9146 0.446479 2.66182 2.86726 0.199736
0.05 0.382374 2.72436 2.91701 0.384558 2.77034 2.90961 0.338421 2.76762 2.86956 0.199736
0.051 0.361791 2.727 2.93185 0.369033 2.78358 2.88988 0.410625 2.85246 2.81235 0.200047
0.049 0.351519 2.7282 2.93937 0.338723 2.782 2.92803 0.147874 2.7513 2.99721 0.197972
0.05 0.330842 2.73036 2.95426 0.330515 2.79173 2.93029 0.444676 2.83808 2.90327 0.197972
0.05 0.313673 2.7319 2.96658 0.315305 2.80015 2.93987 0.33067 2.84465 2.93444 0.200954
0.05 0.299852 2.73302 2.97612 0.30033 2.79819 2.92217 0.285501 2.74573 2.85761 0.200954
0.05 0.279133 2.73443 2.99085 0.279855 2.81027 2.9317 0.277478 2.88026 2.92277 0.189797
0.05 0.261823 2.73534 3.00352 0.261845 2.81017 2.94093 0.251688 2.77437 2.9344 0.18889
0.05 0.244524 2.73605 3.01584 0.241823 2.83824 2.95126 0.212305 3.0706 2.95327 0.187524
0.051 0.227206 2.73656 3.02819 0.22985 2.8188 3.03771 0.282728 2.62652 3.20376 0.198196
0.049 0.209861 2.73687 3.04048 0.210311 2.79644 3.04299 0.188548 2.56601 3.02128 0.201338
0.05 0.19248 2.73696 3.05294 0.189587 2.79906 3.00761 0.15493 2.79306 2.89778 0.199506
0.05 0.17516 2.73681 3.06536 0.179925 2.80141 3.00623 0.250699 2.79754 2.97482 0.199506
0.05 0.157819 2.73642 3.07799 0.177472 2.78598 3.05376 0.319277 2.62862 3.1313 0.199369
0.05 0.14061 2.73583 3.0905 0.16195 2.775 3.05892 0.177347 2.65482 3.04021 0.197827
0.051 0.119804 2.73484 3.10538 0.138288 2.78731 3.05522 0.109921 2.88124 3.01453 0.2008
0.05 0.106044 2.73405 3.11519 0.125785 2.7838 3.06191 0.137421 2.73852 3.05398 0.19742
0.049 0.0887607 2.73283 3.12758 0.0920788 2.78744 3.07923 -0.0641172 2.81041 3.09077 0.199333
0.05 0.0750459 2.73168 3.13764 0.0837539 2.79118 3.13044 0.136148 2.82997 3.22616 0.199333
0.05 0.0543042 2.72971 -3.13058 0.0664931 2.79525 -3.15862 0.100129 2.82516 -3.20364 0.189008
0.05 0.0405039 2.72821 -3.12082 0.0672245 2.8504 1.24598 0.184139 2.82482 -3.08236 0.188377
0.05 0.0199513 2.7257 -3.10586 0.0654913 2.85919 -0.105309 -0.200972 2.5683 -3.24049 0.188692
0.05 0.0061883 2.72386 -3.09596 0.0744334 2.83181 -0.999058 -0.0410747 2.59008 -3.07108 0.200042
0.05 -0.0109709 2.7214 -3.08335 0.0706239 2.80051 -1.64666 -0.0229585 2.68459 -3.15858 0.200042
0.05 -0.0314518 2.71812 -3.06833 0.0635327 2.77506 -2.09577 0.0885205 2.74384 -3.15758 0.189697
0.052 -0.048469 2.71521 -3.05601 0.046359 2.7603 -2.38828 0.0276311 2.75033 -3.08697 0.201065
0.048 -0.0655367 2.71207 -3.0436 0.0074286 2.74425 -2.55942 -0.204119 2.68485 -2.97738 0.199207
0.05 -0.0825695 2.70871 -3.03127 -0.0347949 2.70955 -2.71936 -0.264834 2.44252 -3.11429 0.199207
0.05 -0.0995292 2.70515 -3.0191 -0.0499854 2.69038 -2.78517 -0.0311826 2.55986 -2.96466 0.186373
0.05 -0.116419 2.70137 -3.00679 -0.0730783 2.68007 -2.82164 -0.131246 2.62778 -2.93415 0.201619
0.05 -0.133203 2.69743 -2.99431 -0.109883 2.67524 -2.87028 -0.296171 2.66492 -3.0088 0.201619
0.051 -0.149927 2.69325 -2.98192 -0.135403 2.6859 -2.86729 -0.218864 2.82824 -2.88376 0.189198
0.049 -0.166606 2.68886 -2.96951 -0.156463 2.67979 -2.86634 -0.197677 2.66284 -2.89275 0.20155
0.05 -0.183307 2.68425 -2.9573 -0.172777 2.66733 -2.91901 -0.163358 2.57522 -3.07037 0.20155
0.05 -0.199932 2.6794 -2.9447 -0.187597 2.66678 -2.90032 -0.168377 2.69965 -2.8857 0.202485
0.05 -0.213207 2.67536 -2.93482 -0.202578 2.66811 -2.88665 -0.217118 2.71302 -2.87744 0.202485
0.05 -0.232958 2.66915 -2.91984 -0.22497 2.6705 -2.86212 -0.248049 2.74563 -2.83693 0.19315
0.05 -0.246072 2.66479 -2.90958 -0.249403 2.67139 -2.88299 -0.352953 2.70704 -2.95257 0.202967
0.05 -0.265654 2.65804 -2.89449 -0.27324 2.66676 -2.87808 -0.308612 2.66982 -2.9019 0.207681
0.051 -0.285093 2.65098 -2.87906 -0.289604 2.65914 -2.93307 -0.249195 2.61525 -3.09571 0.207681
0.049 -0.298136 2.6461 -2.86899 -0.287665 2.64942 -2.91344 -0.140536 2.58781 -2.89366 0.202336
0.05 -0.314191 2.63983 -2.85628 -0.309882 2.63774 -2.84826 -0.365432 2.57968 -2.72854 0.203139
0.051 -0.32696 2.63466 -2.84625 -0.322974 2.6441 -2.85179 -0.320909 2.73816 -2.88103 0.203139
0.05 -0.342954 2.62796 -2.83356 -0.344725 2.62837 -2.83939 -0.393756 2.52649 -2.84033 0.193738
0.049 -0.361974 2.61978 -2.81879 -0.370336 2.61003 -2.81422 -0.427046 2.49816 -2.7918 0.195243
0.05 -0.377784 2.61269 -2.80592 -0.389176 2.59339 -2.7529 -0.417032 2.50337 -2.6434 0.205898
0.05 -0.393433 2.60542 -2.7931 -0.404693 2.61087 -2.73531 -0.400473 2.83927 -2.71911 0.204068
0.05 -0.409003 2.59796 -2.78057 -0.416335 2.62539 -2.75185 -0.37266 2.8188 -2.81519 0.205221
0.05 -0.424466 2.59031 -2.76796 -0.422395 2.60279 -2.7652 -0.325705 2.44379 -2.82895 0.205221
0.05 -0.44291 2.58084 -2.75246 -0.445569 2.59936 -2.74596 -0.482966 2.64021 -2.73532 0.203714
0.05 -0.452088 2.57598 -2.74502 -0.460255 2.58402 -2.76674 -0.506101 2.46942 -2.83333 0.201332
0.05 -0.470329 2.56606 -2.72969 -0.47208 2.57639 -2.77615 -0.39798 2.56911 -2.83381 0.207072
0.051 -0.48838 2.55586 -2.71434 -0.512125 2.58612 -2.77187 -0.706955 2.74428 -2.79218 0.207229
0.049 -0.500308 2.54887 -2.70406 -0.510239 2.56995 -2.72333 -0.374237 2.47537 -2.63831 0.205102
0.05 -0.518047 2.53828 -2.68902 -0.538414 2.56171 -2.70234 -0.627448 2.56458 -2.68854 0.207071
0.05 -0.529773 2.53102 -2.6786 -0.549783 2.55438 -2.71433 -0.536667 2.53457 -2.76552 0.204914
0.05 -0.544347 2.5218 -2.66584 -0.559985 2.51904 -2.68248 -0.51074 2.2579 -2.64406 0.204914
0.05 -0.558834 2.51238 -2.65313 -0.577373 2.51858 -2.66197 -0.596325 2.58894 -2.64071 0.192721
0.05 -0.573205 2.50277 -2.64034 -0.598102 2.51153 -2.66418 -0.647415 2.51627 -2.69633 0.194845
0.05 -0.590197 2.49107 -2.6249 -0.596819 2.50423 -2.62885 -0.413522 2.53145 -2.58218 0.194836
0.05 -0.601491 2.48309 -2.61461 -0.609499 2.48574 -2.59154 -0.619552 2.38238 -2.52962 0.191816
0.05 -0.618223 2.47092 -2.59937 -0.632672 2.47537 -2.56622 -0.686954 2.48248 -2.54042 0.194497
0.05 -0.629266 2.46266 -2.5891 -0.650904 2.47991 -2.54147 -0.71608 2.59735 -2.50498 0.203852
0.05 -0.642978 2.45218 -2.57616 -0.66914 2.46365 -2.53174 -0.706766 2.40115 -2.53926 0.205314
0.05 -0.653883 2.44365 -2.56607 -0.678834 2.43818 -2.50496 -0.666085 2.27615 -2.4698 0.205314
0.05 -0.670021 2.43067 -2.55075 -0.692357 2.43439 -2.46998 -0.665987 2.52041 -2.42202 0.197058
0.05 -0.683327 2.41968 -2.53799 -0.70684 2.44313 -2.50554 -0.706895 2.61552 -2.6115 0.194536
0.05 -0.696451 2.40856 -2.5251 -0.718025 2.42869 -2.48276 -0.694767 2.39132 -2.46069 0.20641
0.05 -0.709445 2.39723 -2.51248 -0.731941 2.42778 -2.43525 -0.740749 2.52763 -2.3537 0.20641
0.05 -0.719771 2.38803 -2.50231 -0.738131 2.41963 -2.49872 -0.684077 2.41103 -2.66871 0.208229
0.051 -0.734991 2.37408 -2.48681 -0.761778 2.38541 -2.50971 -0.824991 2.17183 -2.57319 0.208229
0.049 -0.747488 2.36222 -2.47382 -0.799355 2.36729 -2.53884 -1.01662 2.28111 -2.63175 0.194591
0.05 -0.759856 2.3503 -2.46115 -0.82191 2.33741 -2.4821 -0.910413 2.1576 -2.38159 0.195212
0.05 -0.772119 2.33809 -2.44835 -0.842738 2.30993 -2.4637 -0.912177 2.15126 -2.45294 0.207552
0.05 -0.784157 2.3258 -2.4352 -0.860083 2.28916 -2.4487 -0.898214 2.19513 -2.44482 0.207552
0.052 -0.798413 2.31089 -2.41968 -0.866259 2.27823 -2.42039 -0.776825 2.30314 -2.39168 0.208561
0.048 -0.807754 2.30081 -2.40936 -0.872884 2.25806 -2.37715 -0.844412 2.16066 -2.30328 0.206041
0.05 -0.819379 2.28797 -2.39653 -0.878415 2.25857 -2.36543 -0.811671 2.37684 -2.36728 0.208534
0.05 -0.830842 2.27502 -2.38399 -0.888903 2.24613 -2.35369 -0.871088 2.24286 -2.35673 0.208534
0.05 -0.842029 2.26195 -2.37102 -0.92075 2.24547 -2.38107 -1.09894 2.34518 -2.46933 0.210236
0.05 -0.85309 2.24875 -2.35792 -0.932706 2.22283 -2.35659 -0.930518 2.12338 -2.33184 0.210236
0.05 -0.864057 2.2354 -2.34551 -0.935379 2.19819 -2.34878 -0.844105 2.0797 -2.36382 0.208837
0.05 -0.874817 2.22194 -2.33259 -0.943752 2.18365 -2.327 -0.91048 2.16415 -2.30746 0.208837
0.051 -0.885395 2.20834 -2.31971 -0.957695 2.17979 -2.31484 -0.977541 2.26193 -2.31296 0.195134
0.049 -0.895858 2.19458 -2.30722 -0.96067 2.16661 -2.30677 -0.876999 2.16172 -2.31758 0.196668
0.05 -0.906113 2.18071 -2.29434 -0.966681 2.16545 -2.31119 -0.909822 2.27231 -2.34827 0.195449
0.05 -0.916103 2.16668 -2.28132 -0.998556 2.13951 -2.30823 -1.18899 2.0116 -2.32794 0.195592
0.05 -0.923986 2.15541 -2.2708 -1.00628 2.12913 -2.25585 -1.00058 2.13536 -2.15958 0.210456
0.05 -0.935671 2.13825 -2.25544 -1.01321 2.12515 -2.28097 -0.944364 2.23159 -2.37397 0.209824
0.05 -0.945094 2.12394 -2.2425 -1.02247 2.12684 -2.2256 -1.01384 2.27475 -2.12601 0.208637
0.05 -0.95441 2.10942 -2.22937 -1.01861 2.10975 -2.18407 -0.88938 2.08359 -2.12105 0.208637
0.05 -0.963558 2.09478 -2.21669 -1.03858 2.07697 -2.22383 -1.12152 1.88967 -2.34566 0.208455
0.051 -0.972472 2.08008 -2.2037 -1.0589 2.04395 -2.20345 -1.15494 1.86143 -2.18696 0.208455
0.049 -0.981216 2.06525 -2.19045 -1.07642 2.02915 -2.20123 -1.14351 2.01841 -2.22292 0.196856
0.05 -0.989797 2.05029 -2.17778 -1.08614 2.01631 -2.19877 -1.07952 2.0249 -2.22092 0.196382
0.051 -0.998115 2.03521 -2.16481 -1.08896 1.99998 -2.22578 -1.01008 1.97019 -2.31891 0.207914
0.049 -1.00625 2.02005 -2.15189 -1.06667 1.98828 -2.19952 -0.759499 2.01029 -2.17381 0.207914
0.05 -1.01426 2.00465 -2.13904 -1.0665 1.99215 -2.13381 -0.980862 2.17214 -2.00997 0.193998
0.05 -1.02207 1.98925 -2.12627 -1.06178 1.9848 -2.09199 -0.936958 2.05938 -2.02511 0.195409
0.05 -1.02963 1.97375 -2.11344 -1.05977 1.97431 -2.12911 -0.94677 2.00874 -2.2433 0.193875
0.05 -1.0356 1.96119 -2.10335 -1.07493 1.96582 -2.08813 -1.15611 2.00171 -2.0146 0.194715
0.05 -1.04424 1.94236 -2.08782 -1.08458 1.95094 -2.07643 -1.078 1.98026 -2.08299 0.197503
0.05 -1.05122 1.92661 -2.07488 -1.09715 1.92733 -2.08417 -1.13192 1.84292 -2.13159 0.20748
0.051 -1.058 1.91074 -2.06183 -1.09862 1.90182 -2.02927 -1.04387 1.80905 -1.93492 0.20748
0.049 -1.06456 1.89474 -2.04884 -1.09412 1.88592 -2.0428 -0.971945 1.87872 -2.10581 0.207774
0.05 -1.07092 1.87876 -2.03594 -1.09203 1.88606 -1.98633 -1.00968 2.03939 -1.88626 0.207774
0.05 -1.07827 1.8594 -2.02044 -1.10324 1.84844 -1.93161 -1.14236 1.67684 -1.84209 0.20551
0.05 -1.08301 1.84639 -2.01012 -1.09197 1.84712 -1.97137 -0.925315 1.95186 -2.08794 0.203079
0.05 -1.08764 1.83337 -2.00006 -1.09984 1.83389 -1.97698 -1.11929 1.82726 -2.01259 0.203079
0.05 -1.09436 1.81373 -1.98471 -1.09138 1.79543 -2.01563 -0.919189 1.60505 -2.14245 0.193766
0.05 -1.10077 1.79402 -1.96945 -1.11514 1.79017 -1.9878 -1.25901 1.91925 -1.9544 0.204403
0.05 -1.10384 1.78414 -1.96173 -1.11951 1.77766 -1.97495 -1.12262 1.74925 -1.96289 0.202629
0.05 -1.10975 1.76438 -1.94647 -1.13908 1.75764 -1.96292 -1.24663 1.74704 -1.96758 0.202629
0.05 -1.11534 1.74443 -1.93099 -1.15227 1.75147 -1.92313 -1.20932 1.87777 -1.86402 0.203083
0.052 -1.11896 1.73105 -1.92093 -1.16481 1.73027 -1.88777 -1.24533 1.65514 -1.82875 0.202325
0.048 -1.12326 1.71434 -1.9085 -1.16732 1.73717 -1.86676 -1.142 1.95944 -1.84622 0.203246
0.05 -1.12737 1.69755 -1.89611 -1.16751 1.69713 -1.8607 -1.12042 1.47325 -1.87825 0.203246
0.05 -1.13127 1.68066 -1.88352 -1.16918 1.68558 -1.87902 -1.12899 1.73081 -1.9503 0.202018
0.05 -1.13421 1.66715 -1.8735 -1.17681 1.654 -1.86257 -1.21147 1.47963 -1.84822 0.202018
0.05 -1.13847 1.64677 -1.8588 -1.1832 1.64072 -1.85543 -1.1847 1.70321 -1.87163 0.193381
0.05 -1.14173 1.62985 -1.84616 -1.19459 1.63259 -1.88964 -1.24235 1.70819 -1.99532 0.203229
0.05 -1.14478 1.61282 -1.83348 -1.20386 1.59496 -1.87209 -1.2422 1.39371 -1.86125 0.203229
0.05 -1.14756 1.59578 -1.82065 -1.21686 1.58528 -1.87668 -1.28611 1.64833 -1.91415 0.203315
0.05 -1.14965 1.58209 -1.81034 -1.20913 1.5738 -1.8817 -1.09246 1.58916 -1.9182 0.200426
0.05 -1.15255 1.56147 -1.79534 -1.21924 1.56015 -1.7865 -1.27856 1.62637 -1.60161 0.205229
0.051 -1.15476 1.54438 -1.78265 -1.21715 1.54932 -1.77316 -1.16273 1.60661 -1.77208 0.202516
0.049 -1.15638 1.5306 -1.77286 -1.20878 1.52515 -1.75599 -1.10547 1.42538 -1.74229 0.202516
0.05 -1.15844 1.50994 -1.75728 -1.22217 1.51228 -1.72585 -1.31729 1.58478 -1.68713 0.192848
0.05 -1.15999 1.4927 -1.74494 -1.23485 1.50758 -1.74242 -1.32059 1.62356 -1.80465 0.18792
0.05 -1.16105 1.47892 -1.73498 -1.22941 1.4791 -1.77607 -1.14375 1.33558 -1.87692 0.189022
0.052 -1.16242 1.45819 -1.7201 -1.22508 1.45744 -1.71603 -1.15849 1.44797 -1.61254 0.191336
0.048 -1.16331 1.44089 -1.70767 -1.22166 1.42585 -1.72855 -1.1584 1.28716 -1.78611 0.18943
0.05 -1.16399 1.42362 -1.69537 -1.21678 1.41443 -1.68632 -1.15399 1.46974 -1.61925 0.201319
0.05 -1.1645 1.40625 -1.6832 -1.20578 1.3699 -1.65841 -1.08801 1.11146 -1.62663 0.201319
0.05 -1.16473 1.39241 -1.67312 -1.20734 1.36717 -1.66211 -1.20687 1.47191 -1.69178 0.188982
0.052 -1.16482 1.37161 -1.65859 -1.21381 1.33626 -1.71044 -1.23742 1.23703 -1.8534 0.190295
0.048 -1.16464 1.35439 -1.64606 -1.20662 1.3165 -1.65824 -1.12873 1.29235 -1.56701 0.188752
0.05 -1.16421 1.33709 -1.63319 -1.20045 1.28129 -1.61656 -1.13736 1.11152 -1.54951 0.187909
0.05 -1.16358 1.31981 -1.6204 -1.18987 1.2615 -1.56405 -1.0948 1.23874 -1.47422 0.20008
0.051 -1.16277 1.30256 -1.60807 -1.17782 1.24916 -1.6 -1.05016 1.29539 -1.71353 0.20008
0.05 -1.16176 1.28522 -1.59598 -1.16323 1.22481 -1.59204 -1.01931 1.15848 -1.60556 0.199804
0.049 -1.16056 1.26795 -1.58371 -1.16737 1.21041 -1.56104 -1.20877 1.23818 -1.51742 0.199804
0.05 -1.15941 1.25417 -1.57379 -1.1561 1.23183 -1.52831 -1.05735 1.56734 -1.47657 0.188743
0.05 -1.15741 1.23349 -1.55877 -1.16727 1.22071 -1.52861 -1.27652 1.31231 -1.55949 0.191743
0.052 -1.15549 1.2163 -1.54645 -1.1655 1.20261 -1.55277 -1.14451 1.19496 -1.63512 0.186887
0.048 -1.15337 1.19918 -1.53389 -1.16338 1.18282 -1.55166 -1.14302 1.15881 -1.57618 0.188179
0.05 -1.15107 1.18205 -1.52162 -1.17728 1.1636 -1.50694 -1.32163 1.14497 -1.42955 0.199707
0.05 -1.14858 1.16498 -1.50949 -1.16006 1.15649 -1.48569 -1.01063 1.25247 -1.46862 0.199707
0.05 -1.14639 1.15132 -1.49966 -1.1527 1.14913 -1.4726 -1.09534 1.21019 -1.46511 0.187783
0.051 -1.14288 1.13078 -1.48473 -1.15556 1.11914 -1.49446 -1.19044 1.03191 -1.57617 0.190318
0.049 -1.13969 1.11375 -1.47231 -1.14741 1.11623 -1.4777 -1.08435 1.25279 -1.46954 0.200983
0.05 -1.13632 1.0968 -1.45973 -1.15054 1.09903 -1.45423 -1.1987 1.09876 -1.42784 0.200983
0.052 -1.13272 1.07992 -1.44725 -1.14261 1.08317 -1.43069 -1.09033 1.09517 -1.40472 0.189359
0.048 -1.1289 1.06301 -1.43466 -1.13465 1.05888 -1.43757 -1.07658 0.991665 -1.48141 0.189713
0.05 -1.12486 1.04628 -1.42192 -1.12984 1.04132 -1.43032 -1.10463 1.0367 -1.44062 0.186931
0.05 -1.12068 1.02953 -1.40971 -1.13313 1.00774 -1.4322 -1.18266 0.851553 -1.46329 0.199659
0.05 -1.11624 1.01277 -1.39716 -1.1273 0.987855 -1.42205 -1.09413 0.962028 -1.42785 0.199659
0.05 -1.11064 0.9928 -1.38219 -1.11797 0.966085 -1.37868 -1.06852 0.952748 -1.31235 0.188111
0.05 -1.10674 0.979493 -1.37215 -1.11206 0.955043 -1.37111 -1.08061 0.979579 -1.37702 0.197817
0.05 -1.10168 0.962932 -1.35965 -1.10239 0.932972 -1.39185 -1.03361 0.886151 -1.46916 0.200308
0.05 -1.09645 0.946508 -1.34739 -1.08922 0.918181 -1.39748 -0.988423 0.939677 -1.441 0.200308
0.05 -1.0899 0.926851 -1.33253 -1.08799 0.900198 -1.38795 -1.1084 0.9236 -1.39957 0.198977
0.05 -1.08536 0.913833 -1.32249 -1.07747 0.867144 -1.35845 -1.00739 0.680592 -1.31381 0.196546
0.05 -1.07951 0.897573 -1.31013 -1.07355 0.860529 -1.3462 -1.071 0.958284 -1.34677 0.198817
0.05 -1.07349 0.881416 -1.29773 -1.06353 0.842939 -1.32245 -1.00851 0.834735 -1.29729 0.198817
0.05 -1.06723 0.865252 -1.28545 -1.06487 0.827162 -1.28001 -1.12704 0.834934 -1.20785 0.186002
0.05 -1.05945 0.846067 -1.27046 -1.06134 0.793682 -1.30177 -1.07227 0.666867 -1.38436 0.198347
0.05 -1.05412 0.833312 -1.26058 -1.06797 0.778947 -1.28253 -1.16802 0.764993 -1.2586 0.196574
0.05 -1.04727 0.817443 -1.24813 -1.06698 0.756873 -1.23456 -1.11431 0.701748 -1.15155 0.199247
0.05 -1.04023 0.801637 -1.2358 -1.04889 0.75243 -1.23661 -0.92796 0.866595 -1.27286 0.199247
0.05 -1.03297 0.7859 -1.22334 -1.05352 0.723311 -1.23624 -1.14729 0.603372 -1.26084 0.198263
0.05 -1.02556 0.770279 -1.21105 -1.04544 0.711082 -1.20458 -1.02838 0.748203 -1.1611 0.200659
0.05 -1.01793 0.754773 -1.19867 -1.02096 0.6987 -1.20544 -0.844331 0.73539 -1.23959 0.199114
0.05 -1.01014 0.739429 -1.18628 -1.01354 0.674992 -1.21874 -0.994 0.605077 -1.27786 0.203529
0.05 -1.00211 0.724162 -1.17358 -1.00333 0.663107 -1.21153 -0.961541 0.704546 -1.22501 0.203529
0.05 -0.993884 0.70898 -1.16089 -1.01513 0.642677 -1.16355 -1.1942 0.598706 -1.0783 0.202873
0.05 -0.98548 0.69391 -1.14838 -1.00401 0.635137 -1.14708 -0.964782 0.713557 -1.13953 0.202873
0.05 -0.976897 0.679002 -1.13576 -0.987468 0.615268 -1.16012 -0.890616 0.578251 -1.22043 0.20359
0.05 -0.968121 0.664237 -1.12316 -0.976308 0.601655 -1.13734 -0.938554 0.620645 -1.11478 0.20359
0.05 -0.959145 0.649482 -1.11036 -0.964832 0.604628 -1.12816 -0.92457 0.782081 -1.13669 0.192086
0.051 -0.951802 0.637769 -1.10036 -0.97093 0.583006 -1.11625 -1.08485 0.496295 -1.10934 0.204589
0.049 -0.940563 0.620362 -1.08526 -0.949938 0.571629 -1.11699 -0.833082 0.642263 -1.15658 0.204589
0.05 -0.931025 0.605981 -1.0725 -0.943838 0.563453 -1.11362 -0.955279 0.634411 -1.13515 0.203139
0.05 -0.921332 0.591729 -1.05988 -0.928965 0.553939 -1.12378 -0.854052 0.613371 -1.17811 0.204574
0.051 -0.911491 0.57765 -1.04742 -0.910677 0.566807 -1.08815 -0.815058 0.832904 -1.03966 0.203646
0.049 -0.901406 0.563629 -1.03498 -0.885125 0.569277 -1.0505 -0.726635 0.734241 -0.997841 0.203614
0.05 -0.891167 0.549712 -1.02246 -0.870709 0.56239 -0.99345 -0.827896 0.632903 -0.893113 0.203614
0.05 -0.880723 0.53593 -1.00996 -0.85694 0.560625 -0.952383 -0.823888 0.677069 -0.888985 0.203072
0.051 -0.870139 0.522288 -0.997046 -0.853944 0.538918 -0.947726 -0.918034 0.467825 -0.963826 0.203072
0.049 -0.859366 0.508771 -0.984518 -0.852418 0.552942 -0.975567 -0.923839 0.826463 -1.07007 0.202127
0.05 -0.848452 0.495452 -0.971822 -0.848932 0.519587 -0.973106 -0.904195 0.34012 -0.992986 0.203044
0.05 -0.837389 0.482259 -0.959411 -0.848321 0.502799 -0.98391 -0.928224 0.482763 -1.03569 0.203044
0.05 -0.826164 0.469179 -0.94696 -0.864792 0.496307 -0.970345 -1.11147 0.571523 -0.964412 0.203104
0.05 -0.814754 0.456289 -0.934298 -0.841213 0.489796 -0.997222 -0.700361 0.569158 -1.09109 0.203104
0.05 -0.803183 0.443572 -0.921499 -0.822826 0.465048 -0.962514 -0.742437 0.363191 -0.911988 0.203951
0.05 -0.793813 0.433471 -0.911265 -0.799622 0.438762 -0.941656 -0.656599 0.294395 -0.917695 0.203951
0.05 -0.779532 0.418471 -0.896066 -0.779994 0.444488 -0.901342 -0.716907 0.652943 -0.845914 0.194944
0.05 -0.7674 0.406144 -0.883236 -0.777601 0.424768 -0.903852 -0.852727 0.369232 -0.934893 0.192979
0.05 -0.755208 0.39398 -0.870663 -0.774495 0.414135 -0.904354 -0.842819 0.444296 -0.933356 0.202624
0.051 -0.742824 0.381986 -0.857886 -0.756323 0.414433 -0.83567 -0.699348 0.535129 -0.709531 0.202624
0.05 -0.730302 0.370083 -0.845466 -0.723394 0.409839 -0.844276 -0.516732 0.49114 -0.895809 0.191489
0.049 -0.717663 0.358411 -0.832849 -0.709266 0.395878 -0.808799 -0.689029 0.380827 -0.75643 0.204005
0.05 -0.704804 0.346813 -0.820319 -0.694563 0.385433 -0.774573 -0.673592 0.400711 -0.725494 0.202581
0.05 -0.694447 0.337663 -0.810318 -0.692876 0.365265 -0.792764 -0.764239 0.271328 -0.855088 0.202581
0.05 -0.678667 0.324084 -0.795138 -0.674137 0.349189 -0.789393 -0.63225 0.339839 -0.817494 0.206266
0.05 -0.665417 0.312964 -0.782775 -0.657421 0.332233 -0.781902 -0.613168 0.288858 -0.793827 0.204492
0.052 -0.652062 0.302089 -0.770201 -0.647169 0.308282 -0.795011 -0.659732 0.201886 -0.852137 0.204492
0.048 -0.635847 0.289246 -0.754764 -0.630317 0.294556 -0.754641 -0.613895 0.298485 -0.697136 0.204175
0.05 -0.624915 0.280836 -0.744691 -0.617158 0.282545 -0.76568 -0.583178 0.262589 -0.81396 0.200966
0.05 -0.611148 0.270465 -0.731827 -0.583701 0.269089 -0.72808 -0.389634 0.24868 -0.673441 0.204278
0.05 -0.59728 0.260279 -0.719449 -0.57038 0.241924 -0.739063 -0.560432 0.0981106 -0.790992 0.204278
0.05 -0.580452 0.248258 -0.704542 -0.572399 0.229102 -0.700909 -0.741551 0.234685 -0.64543 0.20367
0.051 -0.569117 0.240404 -0.694173 -0.573055 0.231148 -0.655234 -0.686628 0.327382 -0.573314 0.202105
0.051 -0.554757 0.230777 -0.681403 -0.554519 0.226488 -0.645839 -0.508295 0.28277 -0.655113 0.205856
0.048 -0.540385 0.221266 -0.668817 -0.537811 0.215173 -0.642436 -0.508114 0.208288 -0.663649 0.202915
0.05 -0.525792 0.211962 -0.656075 -0.527628 0.21448 -0.650296 -0.558934 0.311182 -0.698483 0.203527
0.05 -0.511229 0.202861 -0.643512 -0.517068 0.212153 -0.595535 -0.554687 0.278567 -0.499349 0.203527
0.05 -0.496402 0.193905 -0.631057 -0.522024 0.204918 -0.613353 -0.699577 0.236556 -0.68151 0.204258
0.05 -0.481539 0.18516 -0.618278 -0.499526 0.194486 -0.626321 -0.415283 0.195752 -0.686094 0.204258
0.05 -0.46652 0.176565 -0.605941 -0.482622 0.181648 -0.620511 -0.454076 0.157545 -0.634418 0.192266
0.05 -0.451462 0.168187 -0.593222 -0.458273 0.159969 -0.607059 -0.360067 0.0489748 -0.604298 0.203425
0.05 -0.4363 0.160009 -0.580501 -0.445911 0.153889 -0.611188 -0.460026 0.193597 -0.64997 0.203425
0.05 -0.424148 0.153622 -0.570519 -0.424748 0.150218 -0.584346 -0.333613 0.185728 -0.546014 0.191317
0.05 -0.405651 0.144189 -0.555756 -0.399733 0.154534 -0.572582 -0.326709 0.30433 -0.582501 0.194664
0.05 -0.390174 0.136556 -0.543152 -0.387868 0.147838 -0.568648 -0.411627 0.1751 -0.586987 0.191821
0.05 -0.374542 0.129125 -0.530614 -0.370354 0.136199 -0.533264 -0.346374 0.108248 -0.480683 0.202326
0.05 -0.358834 0.121913 -0.517613 -0.340468 0.12621 -0.505343 -0.200589 0.110377 -0.471802 0.20493
0.05 -0.343046 0.114914 -0.504784 -0.338108 0.114287 -0.511439 -0.45603 0.0859175 -0.552605 0.20493
0.05 -0.327217 0.108112 -0.492116 -0.314515 0.104801 -0.548859 -0.22539 0.107787 -0.66444 0.203121
0.05 -0.311255 0.101486 -0.479077 -0.301743 0.0997082 -0.539549 -0.320054 0.137785 -0.547722 0.204269
0.05 -0.295212 0.0950722 -0.466437 -0.305307 0.0960174 -0.496507 -0.484793 0.137649 -0.425562 0.204095
0.05 -0.275851 0.0876398 -0.451338 -0.285008 0.0776126 -0.466925 -0.267508 -0.00724864 -0.432344 0.204095
0.05 -0.266098 0.0840038 -0.443921 -0.266812 0.0797324 -0.466765 -0.181514 0.145638 -0.485498 0.200489
0.051 -0.246621 0.0770073 -0.428698 -0.240373 0.0872067 -0.497866 -0.158628 0.258399 -0.607445 0.200489
0.049 -0.2303 0.0714371 -0.416126 -0.213444 0.0846723 -0.397876 -0.114533 0.114522 -0.199046 0.203094
0.05 -0.217274 0.0671032 -0.406031 -0.212032 0.0764149 -0.405367 -0.316509 0.0533705 -0.444068 0.203094
0.05 -0.197492 0.0608804 -0.390715 -0.191878 0.0706013 -0.371566 -0.184138 0.0873639 -0.327173 0.192114
0.05 -0.181025 0.0559547 -0.377881 -0.171416 0.0820221 -0.351127 -0.130757 0.24649 -0.334826 0.19029
0.05 -0.164434 0.0511798 -0.365374 -0.160183 0.0655315 -0.35683 -0.205118 -0.0291545 -0.394573 0.190694
0.05 -0.14776 0.0466511 -0.352608 -0.154095 0.0606876 -0.328039 -0.251937 0.0675651 -0.290116 0.202517
0.05 -0.127731 0.0415082 -0.337494 -0.128302 0.0567255 -0.331729 -0.0671469 0.0879022 -0.375987 0.203693
0.05 -0.11432 0.0382434 -0.327535 -0.11535 0.0457328 -0.324882 -0.115806 -0.0148513 -0.330628 0.200003
0.05 -0.0974106 0.0343065 -0.315087 -0.120626 0.0302958 -0.325117 -0.325577 -0.0591324 -0.350848 0.200003
0.05 -0.0805419 0.0305961 -0.302455 -0.0991073 0.0318011 -0.335933 -0.0480057 0.10475 -0.391143 0.201246
0.052 -0.0636085 0.0270616 -0.290031 -0.0837531 0.0344526 -0.331675 -0.0924106 0.115825 -0.352122 0.201246
0.048 -0.0432747 0.0231525 -0.27494 -0.0563985 0.0342255 -0.293972 0.0148285 0.0883301 -0.241717 0.190944
0.05 -0.0296331 0.0207028 -0.26494 -0.0342008 0.0249673 -0.236284 0.0463252 -0.0382611 -0.126168 0.200958
0.05 -0.0159438 0.0184093 -0.254812 -0.0147202 0.0239091 -0.234459 0.0427959 0.0467079 -0.254233 0.203382
0.05 0.00451873 0.0151656 -0.239875 0.0142962 0.0218383 -0.221544 0.0986832 0.0482367 -0.227619 0.203382
0.05 0.0181718 0.0131795 -0.229909 0.00796948 0.0275066 -0.143777 -0.185181 0.0911582 0.0127028 0.190246
