0.0498214 0.177458 1.24711 -1.12289 0.188103 1.22239 -1.04056 0.18813 1.22233 -1.04034
0.049989 0.17747 1.24709 -1.12292 0.229517 1.28298 -1.15397 0.269433 1.34138 -1.17842
0.0500476 0.177481 1.24709 -1.12306 0.221827 1.26368 -1.15344 0.207715 1.2288 -1.15336
0.04995 0.177469 1.24709 -1.12301 0.223887 1.26913 -1.1557 0.228956 1.2833 -1.15625
0.0499736 0.177375 1.24713 -1.12333 0.211173 1.27142 -1.25804 0.171621 1.27892 -1.28103
0.0500221 0.177369 1.24721 -1.12393 0.239892 1.25522 -1.18725 0.339405 1.20289 -1.17177
0.0500333 0.177457 1.24725 -1.12442 0.25418 1.24588 -1.09762 0.305288 1.21858 -1.07819
0.0499988 0.17675 1.2474 -1.12211 0.267167 1.23935 -1.0595 0.315226 1.22152 -1.05162
0.0499726 0.17032 1.25034 -1.12077 0.253912 1.23851 -1.18528 0.193574 1.24393 -1.21411
0.0499783 0.167054 1.25125 -1.1157 0.240907 1.23122 -1.12081 0.180096 1.21135 -1.1071
0.05002 0.163947 1.25243 -1.11209 0.228428 1.23323 -1.13135 0.167023 1.25624 -1.13465
0.0500052 0.161484 1.25316 -1.10623 0.228825 1.22738 -1.10011 0.223151 1.21707 -1.09415
0.0499879 0.154407 1.25599 -1.09854 0.221589 1.21165 -1.04898 0.181311 1.15693 -1.03852
0.0499799 0.150503 1.25735 -1.09333 0.20124 1.20334 -1.09708 0.100587 1.18316 -1.10895
0.0500768 0.146855 1.25874 -1.08954 0.201495 1.21196 -1.07264 0.193013 1.26928 -1.06844
0.0498796 0.143213 1.25985 -1.08511 0.205266 1.21178 -1.10578 0.212423 1.22938 -1.11448
0.050043 0.135108 1.26281 -1.07503 0.190297 1.20939 -1.07627 0.113272 1.21735 -1.07084
0.0499517 0.13108 1.26401 -1.07074 0.181021 1.20535 -1.14091 0.128632 1.20732 -1.15673
0.0500645 0.126856 1.26514 -1.06445 0.165725 1.21805 -1.09208 0.0860482 1.29795 -1.08257
0.0499738 0.12231 1.26639 -1.05965 0.163584 1.22956 -1.08628 0.142455 1.30369 -1.08649
0.049975 0.112984 1.2695 -1.04872 0.152155 1.21727 -1.01786 0.0886264 1.18355 -1.00391
0.0500009 0.108166 1.2709 -1.04017 0.143643 1.24094 -1.02732 0.0910835 1.37091 -1.03109
0.050043 0.102939 1.27228 -1.03567 0.144055 1.24358 -0.920374 0.130166 1.28041 -0.898165
0.0499594 0.098032 1.27357 -1.02981 0.146414 1.22971 -0.929809 0.139396 1.19041 -0.933642
0.0499983 0.087735 1.27595 -1.01795 0.137283 1.22933 -1.03016 0.0789493 1.25163 -1.05437
0.0500009 0.082114 1.2771 -1.01232 0.140306 1.22991 -0.947692 0.13737 1.25923 -0.931104
0.0500254 0.076911 1.27776 -1.00501 0.145295 1.23653 -1.01342 0.148995 1.29361 -1.03021
0.0499793 0.071479 1.27857 -1.00089 0.13053 1.24329 -0.993293 0.0462097 1.30184 -0.990689
0.0501687 0.06024 1.28181 -0.98724 0.12132 1.24238 -0.983533 0.0618182 1.26567 -0.98324
0.0497644 0.054745 1.2833 -0.982377 0.116089 1.25345 -0.992184 0.0745473 1.33058 -0.996082
0.0500311 0.048902 1.28455 -0.975526 0.0971754 1.25464 -1.02367 -0.00632207 1.28811 -1.03261
0.0499851 0.043438 1.28551 -0.970979 0.080873 1.24233 -0.962541 -0.010453 1.21484 -0.950664
0.0500043 0.031685 1.28809 -0.959763 0.07025 1.22594 -0.956472 0.00324204 1.17912 -0.956962
0.0499947 0.026099 1.28923 -0.955569 0.0634523 1.24622 -1.03168 0.0133667 1.3664 -1.05065
0.0500407 0.020235 1.29035 -0.949156 0.0586669 1.24808 -1.00041 0.0186292 1.28696 -0.995502
0.0500121 0.013947 1.29184 -0.941803 0.0608198 1.26168 -1.00651 0.0514497 1.35313 -1.01009
0.0499218 0.000623 1.29477 -0.925947 0.060664 1.26902 -1.01275 0.0410812 1.33228 -1.0163
0.0499695 -0.006399 1.29615 -0.919838 0.063496 1.2655 -0.934335 0.0568204 1.27981 -0.918909
0.0500397 -0.013482 1.29756 -0.90959 0.0436961 1.28123 -0.979158 -0.0685134 1.38381 -0.991471
0.049995 -0.020649 1.29893 -0.9021 0.0362497 1.28032 -0.954077 -0.0190979 1.30827 -0.95071
0.0499947 -0.033644 1.29925 -0.8869 0.0278247 1.26127 -0.899986 -0.0329053 1.20647 -0.89001
0.0500003 -0.0404 1.30004 -0.878142 -0.00138283 1.26188 -0.801028 -0.158948 1.2956 -0.781019
0.050082 -0.047329 1.30132 -0.871698 -0.00759733 1.25488 -0.822093 -0.0635534 1.25236 -0.829147
0.0499142 -0.054397 1.30233 -0.863452 0.000355359 1.25504 -0.882282 0.00940376 1.28565 -0.898249
0.0500148 -0.068698 1.30343 -0.848558 -0.0125143 1.25668 -0.806142 -0.0967463 1.29486 -0.791397
0.0499756 -0.075647 1.30377 -0.839822 -0.0151161 1.26536 -0.77624 -0.0542607 1.33293 -0.771929
0.0500424 -0.082122 1.30391 -0.836942 -0.0228586 1.28377 -0.754776 -0.0864175 1.39489 -0.752422
0.0499249 -0.088712 1.30401 -0.829442 -0.0299445 1.29044 -0.921524 -0.0899213 1.34895 -0.961308
0.0500083 -0.10156 1.30455 -0.815541 -0.0354575 1.28029 -0.8328 -0.0849684 1.26573 -0.815189
0.0500029 -0.108223 1.30479 -0.808661 -0.0379591 1.2766 -0.804073 -0.0766281 1.28974 -0.800016
0.0500753 -0.115048 1.30494 -0.803166 -0.0583731 1.2924 -0.773987 -0.179146 1.39319 -0.769646
0.0499138 -0.121705 1.3051 -0.798495 -0.0646664 1.31216 -0.71343 -0.122553 1.42962 -0.702377
0.0499727 -0.135179 1.30435 -0.786096 -0.0838033 1.2952 -0.89587 -0.199959 1.24648 -0.938986
0.0500472 -0.14215 1.30421 -0.777802 -0.0915401 1.29377 -0.776287 -0.153303 1.31923 -0.751899
0.0500074 -0.148863 1.30462 -0.770216 -0.0887599 1.27631 -0.818812 -0.105667 1.227 -0.830758
0.0499652 -0.155579 1.30493 -0.762983 -0.109678 1.27144 -0.800668 -0.232879 1.27996 -0.798923
0.0500085 -0.170151 1.30459 -0.748006 -0.103249 1.26512 -0.770036 -0.103272 1.26628 -0.765664
0.0499808 -0.178322 1.30475 -0.738409 -0.110938 1.25811 -0.679285 -0.176065 1.2549 -0.661322
0.0500262 -0.185744 1.30445 -0.730657 -0.11836 1.24999 -0.740641 -0.18424 1.24026 -0.756817
0.0499845 -0.191717 1.30338 -0.722896 -0.136088 1.24996 -0.70423 -0.247457 1.27807 -0.698468
0.0500287 -0.205284 1.30099 -0.703356 -0.134616 1.25855 -0.663753 -0.160069 1.32434 -0.657259
0.049967 -0.213222 1.30054 -0.694212 -0.154815 1.25912 -0.673406 -0.278997 1.28765 -0.677959
0.0500239 -0.221721 1.3008 -0.683895 -0.159242 1.25358 -0.578517 -0.213167 1.25465 -0.559727
0.0499476 -0.231306 1.30149 -0.675198 -0.162342 1.26167 -0.699992 -0.211468 1.32259 -0.729849
0.0499969 -0.248106 1.2989 -0.658683 -0.180208 1.25959 -0.705845 -0.293611 1.2779 -0.709593
0.0500155 -0.255219 1.29723 -0.649569 -0.173049 1.26232 -0.64954 -0.17488 1.30325 -0.639655
0.0499985 -0.261635 1.29694 -0.640766 -0.187182 1.27136 -0.588773 -0.287449 1.33929 -0.57784
0.0499258 -0.267566 1.29693 -0.634024 -0.19224 1.26218 -0.540114 -0.252865 1.24547 -0.531796
0.0501549 -0.279173 1.29466 -0.617013 -0.20816 1.28058 -0.659365 -0.316557 1.38702 -0.688773
0.0499034 -0.286938 1.29326 -0.609922 -0.213953 1.28208 -0.627518 -0.274183 1.31503 -0.622926
0.0500019 -0.295404 1.2916 -0.604095 -0.230699 1.27319 -0.609631 -0.340701 1.25782 -0.607985
0.0499802 -0.304068 1.28943 -0.592755 -0.243974 1.26263 -0.555006 -0.338889 1.23882 -0.545126
0.0502427 -0.312751 1.28711 -0.57765 -0.255272 1.24962 -0.573044 -0.342324 1.21349 -0.579467
0.0499534 -0.325968 1.28768 -0.565716 -0.275314 1.25646 -0.692712 -0.401979 1.31209 -0.722117
0.0498562 -0.332032 1.28868 -0.559726 -0.261866 1.26725 -0.575031 -0.236605 1.34416 -0.551535
0.0499439 -0.337534 1.28746 -0.553052 -0.258712 1.26053 -0.504538 -0.282862 1.25435 -0.491407
0.049968 -0.352385 1.28154 -0.529309 -0.262308 1.2691 -0.500628 -0.318341 1.3299 -0.502535
0.0500048 -0.361979 1.2791 -0.516844 -0.284496 1.26426 -0.554231 -0.42305 1.26409 -0.56873
0.0500716 -0.371457 1.27588 -0.504154 -0.283275 1.26195 -0.437015 -0.317 1.27455 -0.413441
0.0499075 -0.379478 1.27343 -0.494883 -0.304794 1.26485 -0.442485 -0.443188 1.29743 -0.446359
0.0500162 -0.393826 1.26976 -0.477939 -0.305074 1.26895 -0.352936 -0.347783 1.30624 -0.335616
0.0499768 -0.400845 1.26751 -0.472191 -0.312273 1.26564 -0.476509 -0.387637 1.26789 -0.506929
0.0501141 -0.408188 1.26504 -0.462364 -0.318501 1.23723 -0.446303 -0.38678 1.12938 -0.441934
0.0499152 -0.41567 1.26261 -0.457971 -0.319533 1.22818 -0.490786 -0.364487 1.2072 -0.503367
0.0499995 -0.423169 1.2599 -0.447867 -0.324012 1.23428 -0.521604 -0.383408 1.28322 -0.531224
0.0514055 -0.437209 1.25529 -0.434989 -0.337385 1.23686 -0.399041 -0.43815 1.27044 -0.374252
0.0485559 -0.443532 1.25221 -0.43214 -0.345415 1.22381 -0.488852 -0.420803 1.18235 -0.511408
0.0499433 -0.449165 1.24805 -0.429828 -0.353007 1.22198 -0.408758 -0.426553 1.23383 -0.393384
0.0500142 -0.463119 1.24146 -0.414692 -0.35493 1.24572 -0.412926 -0.404118 1.37072 -0.416724
0.0507257 -0.470565 1.23858 -0.407012 -0.364044 1.24709 -0.386869 -0.445694 1.27087 -0.383642
0.049299 -0.477206 1.23714 -0.401657 -0.36666 1.25465 -0.385084 -0.418142 1.30505 -0.387312
0.0500193 -0.483403 1.23699 -0.395477 -0.391684 1.24232 -0.404208 -0.545032 1.20325 -0.410889
0.0500069 -0.496291 1.23804 -0.383043 -0.404382 1.23813 -0.345215 -0.502355 1.23608 -0.334524
0.0499938 -0.501857 1.23742 -0.381966 -0.407805 1.2264 -0.322126 -0.464597 1.18813 -0.319452
0.0500061 -0.507594 1.23631 -0.381028 -0.42565 1.21889 -0.385194 -0.546285 1.19902 -0.401747
0.0499524 -0.515276 1.23548 -0.378357 -0.439687 1.21863 -0.354581 -0.542431 1.23322 -0.350196
0.0500321 -0.52291 1.23454 -0.370965 -0.454786 1.22406 -0.301438 -0.562943 1.26294 -0.292054
0.0499774 -0.5363 1.23236 -0.364171 -0.461963 1.2258 -0.317243 -0.53539 1.2467 -0.323358
0.0500308 -0.542468 1.23091 -0.364724 -0.46429 1.22912 -0.333451 -0.515183 1.25763 -0.339662
0.0499399 -0.548601 1.22899 -0.359937 -0.471211 1.24341 -0.306483 -0.542735 1.32179 -0.303095
0.050002 -0.56067 1.22364 -0.336804 -0.502264 1.25029 -0.253329 -0.683443 1.29391 -0.243927
0.0499966 -0.568129 1.22168 -0.327331 -0.500553 1.23872 -0.287334 -0.533419 1.19735 -0.297376
0.0500388 -0.575593 1.2196 -0.32036 -0.503956 1.23194 -0.344492 -0.560853 1.21427 -0.359844
0.0499873 -0.582086 1.21686 -0.313842 -0.522008 1.22734 -0.315563 -0.644608 1.22109 -0.311573
0.0499754 -0.593859 1.21018 -0.294872 -0.537431 1.23799 -0.264698 -0.648618 1.29927 -0.255947
0.050014 -0.60082 1.20715 -0.283408 -0.542941 1.23199 -0.300997 -0.609679 1.21668 -0.311669
0.0500291 -0.608652 1.20423 -0.271396 -0.543097 1.22813 -0.258133 -0.585824 1.22341 -0.251113
0.0498989 -0.616228 1.20119 -0.265012 -0.5535 1.22503 -0.347759 -0.642666 1.22313 -0.370429
0.0500328 -0.629563 1.19371 -0.248725 -0.5594 1.22391 -0.305775 -0.627481 1.23356 -0.298962
0.0500006 -0.634429 1.18973 -0.237182 -0.559686 1.21899 -0.219233 -0.605205 1.20999 -0.202537
0.0500523 -0.639107 1.18543 -0.226493 -0.558607 1.21896 -0.123273 -0.599897 1.22823 -0.104575
0.0499497 -0.645127 1.18127 -0.213861 -0.553204 1.20728 -0.233012 -0.575224 1.1615 -0.260324
0.0499565 -0.658147 1.17342 -0.190798 -0.577461 1.19235 -0.153845 -0.733089 1.13511 -0.138688
0.0500288 -0.664243 1.16975 -0.182546 -0.584059 1.19842 -0.158267 -0.658185 1.2329 -0.161998
0.0500081 -0.669177 1.16602 -0.175441 -0.593307 1.19365 -0.153828 -0.679154 1.17919 -0.15544
0.0500069 -0.673736 1.16232 -0.1667 -0.590728 1.18753 -0.19626 -0.623025 1.16725 -0.208391
0.0500135 -0.683773 1.1544 -0.146262 -0.580763 1.1854 -0.115336 -0.578412 1.1836 -0.0997892
0.0499974 -0.689168 1.15029 -0.137461 -0.596712 1.17256 -0.0633834 -0.712061 1.11915 -0.0541824
0.0499583 -0.694355 1.14614 -0.129409 -0.607146 1.16237 -0.145195 -0.697377 1.11995 -0.166021
0.0500016 -0.699452 1.14214 -0.119603 -0.624531 1.1602 -0.162169 -0.745918 1.15694 -0.168523
0.050005 -0.710203 1.13309 -0.100042 -0.646137 1.14988 -0.11955 -0.786364 1.10991 -0.11243
0.0499857 -0.715335 1.1286 -0.0915064 -0.651354 1.13252 -0.0609082 -0.717665 1.05876 -0.0501497
0.0500142 -0.720328 1.1242 -0.0819725 -0.649841 1.14582 -0.0902203 -0.686126 1.20896 -0.0995224
0.0499775 -0.725743 1.11963 -0.0715848 -0.652172 1.1485 -0.107029 -0.705717 1.16474 -0.113414
0.049966 -0.737015 1.1103 -0.0525551 -0.665391 1.14682 -0.115894 -0.76812 1.14406 -0.120441
0.050026 -0.742566 1.10551 -0.0393125 -0.668967 1.12518 -0.107269 -0.728524 1.03247 -0.107728
0.0500199 -0.748266 1.10067 -0.0303169 -0.667561 1.12436 0.000579021 -0.705633 1.1245 0.0221027
0.0499827 -0.753759 1.09568 -0.0182631 -0.673863 1.11148 -0.0330917 -0.746917 1.0537 -0.0431774
0.0500214 -0.764984 1.0856 0.00439376 -0.701863 1.10812 -0.0458573 -0.874475 1.09471 -0.0514305
0.0499559 -0.770816 1.08023 0.0169125 -0.720396 1.10778 0.0270903 -0.850123 1.10778 0.0407131
0.0501905 -0.776034 1.07474 0.0259113 -0.723624 1.10599 -0.0143784 -0.784324 1.09717 -0.0264242
0.049808 -0.78103 1.06948 0.0359651 -0.743979 1.09807 0.0266237 -0.881835 1.06264 0.0331645
0.0500047 -0.79017 1.06 0.0517454 -0.740583 1.08364 0.0757942 -0.770667 1.01689 0.0842526
0.0499708 -0.795652 1.05529 0.0617312 -0.749321 1.06999 -0.0253355 -0.834258 1.00596 -0.0506032
0.0500089 -0.801471 1.05052 0.0710577 -0.754124 1.06983 0.06641 -0.821335 1.06951 0.084262
0.049999 -0.806947 1.0456 0.0764391 -0.777075 1.06141 0.0502959 -0.926314 1.02063 0.0440328
0.0499487 -0.816591 1.03398 0.090245 -0.792285 1.07915 0.114727 -0.906451 1.15648 0.126256
0.0500509 -0.821277 1.0274 0.0984562 -0.788043 1.0695 0.0917501 -0.814785 1.02098 0.0839364
0.0500328 -0.826599 1.0208 0.109306 -0.795101 1.05858 0.0548234 -0.873756 1.00543 0.0438432
0.0499283 -0.832811 1.01485 0.119861 -0.802269 1.04574 0.0583256 -0.88141 0.985258 0.0564431
0.0499905 -0.844509 1.00321 0.140632 -0.798336 1.04954 0.125309 -0.828155 1.06335 0.137432
0.0502853 -0.849333 0.997722 0.151448 -0.818054 1.0448 0.156823 -0.954888 1.01722 0.161041
0.0497708 -0.852802 0.992631 0.161709 -0.815051 1.0427 0.212953 -0.84878 1.02527 0.222696
0.0499646 -0.856321 0.987341 0.170789 -0.810635 1.04349 0.106882 -0.837973 1.03807 0.0802048
0.0499344 -0.86518 0.975488 0.194879 -0.811091 1.0373 0.196193 -0.860918 1.00345 0.213407
0.0500348 -0.87006 0.969013 0.208771 -0.811225 1.04271 0.236619 -0.857519 1.05779 0.242832
0.050018 -0.874492 0.962525 0.220587 -0.823958 1.03412 0.218781 -0.92653 0.984773 0.212072
0.0500086 -0.8783 0.956372 0.231282 -0.814062 1.01585 0.248302 -0.814558 0.923072 0.252361
0.0499626 -0.885303 0.944915 0.251021 -0.830473 1.01053 0.275356 -0.949405 0.974977 0.278672
0.0500145 -0.888618 0.939301 0.261381 -0.820916 0.991734 0.318043 -0.822047 0.893987 0.325075
0.0500087 -0.892065 0.933254 0.272656 -0.817472 0.982468 0.223185 -0.845649 0.927316 0.199276
0.0499944 -0.895722 0.926709 0.283329 -0.812729 0.983436 0.298772 -0.835682 0.977094 0.312986
0.0499612 -0.90287 0.914206 0.30285 -0.821443 0.978659 0.285044 -0.904377 0.943928 0.279264
0.0499974 -0.905625 0.907842 0.313876 -0.836777 0.962692 0.323222 -0.950834 0.877161 0.329111
0.0500181 -0.908386 0.901372 0.32345 -0.841859 0.956803 0.264609 -0.909509 0.915986 0.248698
0.0499694 -0.911907 0.894658 0.332968 -0.847679 0.942437 0.276577 -0.919213 0.865272 0.27659
0.0499935 -0.918381 0.87973 0.349072 -0.849545 0.950291 0.366178 -0.901726 0.972564 0.383448
0.0500079 -0.92222 0.871898 0.360291 -0.858765 0.951753 0.389181 -0.94333 0.941803 0.391538
0.0500389 -0.925956 0.864102 0.37071 -0.867086 0.947486 0.309974 -0.94782 0.911507 0.289448
0.0499846 -0.929299 0.85647 0.37929 -0.874865 0.933467 0.403013 -0.953777 0.85526 0.421232
0.0500134 -0.936114 0.841409 0.401703 -0.853339 0.934855 0.402083 -0.79972 0.92267 0.399104
0.0499711 -0.939049 0.833848 0.411623 -0.856111 0.905374 0.438972 -0.91232 0.753334 0.444692
0.0500052 -0.94168 0.82623 0.420853 -0.856705 0.896052 0.455333 -0.903026 0.833408 0.456206
0.04995 -0.944437 0.818567 0.43034 -0.865231 0.881633 0.423347 -0.947277 0.795701 0.413392
0.0499946 -0.948614 0.803915 0.443213 -0.880644 0.871698 0.41125 -0.994436 0.8072 0.405676
0.0501112 -0.951509 0.797197 0.453226 -0.88372 0.885409 0.431497 -0.941008 0.928349 0.433041
0.0499125 -0.954344 0.790538 0.458513 -0.895044 0.873436 0.51261 -0.987869 0.799405 0.52811
0.0499748 -0.957158 0.783514 0.462273 -0.905158 0.859263 0.460261 -0.991459 0.773125 0.445836
0.0499575 -0.96217 0.768336 0.475604 -0.913932 0.845683 0.479952 -0.994335 0.764039 0.481731
0.0500146 -0.964894 0.760564 0.485258 -0.925277 0.834746 0.529534 -1.0164 0.764163 0.538003
0.0499983 -0.967398 0.75286 0.49476 -0.929817 0.820021 0.487683 -0.989119 0.731394 0.475735
0.0499982 -0.969997 0.745058 0.504809 -0.940067 0.818089 0.471342 -1.02634 0.788472 0.464943
0.0500691 -0.97583 0.729367 0.525485 -0.942807 0.809756 0.590819 -0.995116 0.750579 0.614966
0.049965 -0.978476 0.721318 0.533966 -0.924072 0.802657 0.540946 -0.877604 0.745695 0.527196
0.0499917 -0.979703 0.713468 0.541179 -0.909631 0.775742 0.550155 -0.884738 0.629923 0.549736
0.050001 -0.980792 0.705166 0.553371 -0.911805 0.755919 0.550707 -0.961874 0.641813 0.548185
0.049996 -0.985395 0.689665 0.57294 -0.905303 0.757366 0.568309 -0.915962 0.739258 0.56946
0.0499758 -0.987303 0.682283 0.583051 -0.91544 0.75251 0.620707 -1.00073 0.704878 0.629625
0.0499724 -0.988689 0.674873 0.591784 -0.925069 0.736584 0.653541 -1.00644 0.637309 0.658196
0.0501012 -0.990045 0.667544 0.59708 -0.931298 0.722779 0.672399 -0.996557 0.631916 0.673909
0.0499269 -0.992318 0.652742 0.610767 -0.92744 0.7218 0.622889 -0.946072 0.689441 0.609082
0.0499664 -0.993609 0.645163 0.620428 -0.934122 0.71278 0.621095 -1.00155 0.645454 0.61799
0.0500017 -0.994957 0.637118 0.629473 -0.937107 0.696517 0.625802 -0.987498 0.59671 0.624267
0.0500319 -0.99613 0.629394 0.636805 -0.933748 0.684079 0.617869 -0.955594 0.601367 0.613491
0.0499928 -0.998289 0.614665 0.649792 -0.93213 0.670877 0.611616 -0.962015 0.585009 0.607613
0.0499711 -0.998492 0.607419 0.657289 -0.938545 0.661078 0.71007 -1.00431 0.589968 0.729475
0.0500311 -0.999254 0.599991 0.663942 -0.939879 0.665599 0.718754 -0.979913 0.656843 0.71797
0.0499661 -1.00079 0.592595 0.675558 -0.945269 0.643822 0.694126 -1.00364 0.516145 0.686054
0.0500074 -1.00232 0.577548 0.689939 -0.956165 0.636991 0.649915 -1.0406 0.577543 0.637266
0.0499479 -1.00285 0.570108 0.700086 -0.952272 0.62588 0.698468 -0.97047 0.548023 0.706766
0.0500168 -1.00381 0.562204 0.707744 -0.971561 0.606123 0.672465 -1.09376 0.487918 0.66395
0.0499672 -1.00441 0.554549 0.717564 -0.963193 0.592255 0.678758 -0.9608 0.501461 0.67763
0.0500145 -1.00574 0.538861 0.735606 -0.960886 0.577889 0.681719 -0.985962 0.484455 0.679791
0.0500158 -1.00637 0.530265 0.747038 -0.959941 0.580703 0.713471 -0.991035 0.564472 0.717834
0.0499865 -1.00654 0.521797 0.75573 -0.961715 0.583642 0.788489 -1.0037 0.566706 0.802553
0.0500256 -1.0063 0.513633 0.765519 -0.951876 0.578937 0.738798 -0.940062 0.525697 0.725022
0.0500012 -1.00597 0.499474 0.779193 -0.9634 0.570749 0.828253 -1.04897 0.502206 0.845544
0.0499436 -1.00577 0.492465 0.785106 -0.958989 0.561871 0.890784 -0.969734 0.487608 0.902161
0.0500054 -1.00646 0.485585 0.794983 -0.965654 0.539783 0.776933 -1.02571 0.404966 0.74874
0.0500464 -1.00724 0.478293 0.799726 -0.975141 0.535846 0.797693 -1.05028 0.486199 0.799589
0.0499599 -1.00702 0.462814 0.813602 -0.954486 0.536507 0.790787 -0.892163 0.507973 0.786732
0.050074 -1.00681 0.455181 0.820527 -0.940499 0.532341 0.768983 -0.909047 0.481881 0.761539
0.0499711 -1.00667 0.447728 0.82695 -0.927572 0.531795 0.755547 -0.901462 0.498406 0.749948
0.0500558 -1.00655 0.440203 0.837305 -0.929869 0.525116 0.815886 -0.9726 0.463819 0.826765
0.0499007 -1.00665 0.424375 0.854751 -0.936821 0.509842 0.862595 -0.999008 0.407629 0.870424
0.0499531 -1.007 0.415869 0.865362 -0.946608 0.485043 0.838649 -1.02046 0.33894 0.830676
0.0501856 -1.00702 0.407212 0.874093 -0.948558 0.481853 0.845692 -0.987633 0.433847 0.844569
0.0498319 -1.00538 0.399088 0.883282 -0.97444 0.470558 0.840939 -1.12183 0.38542 0.837014
0.0499861 -1.00272 0.383039 0.903394 -0.9691 0.46003 0.857662 -0.975421 0.378359 0.858792
0.0499839 -1.00269 0.375365 0.911656 -0.966526 0.44123 0.854406 -0.985101 0.3216 0.851077
0.0501047 -1.00201 0.368194 0.92034 -0.976797 0.437091 0.88137 -1.05336 0.383533 0.884604
0.0499058 -1.00089 0.360854 0.927964 -0.970999 0.420195 0.934751 -0.973828 0.308005 0.944129
0.0500101 -0.998431 0.345596 0.945723 -0.954031 0.423161 0.957264 -0.904114 0.400158 0.959728
0.0499997 -0.997047 0.338471 0.950985 -0.950492 0.427182 0.967013 -0.960424 0.408584 0.966507
0.0499813 -0.995745 0.331487 0.960452 -0.963727 0.424576 0.977522 -1.04939 0.37534 0.977053
0.0499937 -0.994594 0.324254 0.967561 -0.961666 0.404561 0.947322 -0.978046 0.276765 0.937974
0.0499955 -0.991947 0.310076 0.981052 -0.955505 0.396757 0.908811 -0.954495 0.325033 0.897561
0.0499902 -0.990627 0.302662 0.990747 -0.976517 0.382976 1.02806 -1.09853 0.284266 1.052
0.0500369 -0.988677 0.295053 0.997319 -0.985347 0.380195 0.990254 -1.04872 0.329652 0.979038
0.0499347 -0.986567 0.287313 1.00687 -0.988691 0.362223 0.983404 -1.0283 0.243992 0.979285
0.0500556 -0.983998 0.272936 1.02398 -0.987706 0.369144 0.982057 -1.00832 0.363006 0.97902
0.049946 -0.982274 0.265534 1.03134 -0.965695 0.358775 1.04111 -0.890692 0.274474 1.05193
0.0499989 -0.97984 0.257916 1.04074 -0.956624 0.346792 1.05597 -0.938379 0.253751 1.05675
0.0500361 -0.978041 0.250194 1.04999 -0.948186 0.342969 1.07604 -0.932281 0.286252 1.07793
0.0499623 -0.974328 0.234386 1.0675 -0.953197 0.334814 1.09868 -0.997254 0.258071 1.10104
0.0500153 -0.972157 0.226615 1.0772 -0.959016 0.323112 1.16443 -1.00588 0.228803 1.17641
0.0500224 -0.970599 0.219669 1.0827 -0.964503 0.32267 1.18375 -1.00749 0.278217 1.18527
0.0499893 -0.97023 0.213673 1.09065 -0.954256 0.306254 1.08355 -0.926437 0.189716 1.05848
0.0499719 -0.967563 0.202203 1.10757 -0.932028 0.301912 1.10326 -0.853105 0.241533 1.10516
0.0499765 -0.965265 0.196002 1.1148 -0.937222 0.314046 1.08921 -0.981279 0.328665 1.08324
0.0500481 -0.962321 0.18882 1.12358 -0.94827 0.303981 1.06431 -1.01932 0.218845 1.05598
0.0499919 -0.958879 0.180551 1.13492 -0.941878 0.286915 1.10689 -0.934057 0.171214 1.11395
0.0499725 -0.951163 0.163114 1.15341 -0.950293 0.277494 1.20119 -1.00739 0.19507 1.21966
0.0500217 -0.948482 0.154999 1.16011 -0.949415 0.27029 1.16403 -0.962179 0.19588 1.15303
0.0500024 -0.946146 0.148187 1.16608 -0.946873 0.25134 1.13271 -0.953814 0.12402 1.12306
0.0499718 -0.943844 0.141392 1.17525 -0.949213 0.23744 1.10914 -0.980008 0.132318 1.10109
0.049981 -0.93825 0.126302 1.19012 -0.948994 0.208804 1.16368 -0.968048 0.0381764 1.17332
0.0499957 -0.935501 0.118398 1.19996 -0.939873 0.207005 1.17172 -0.916607 0.157357 1.17091
0.0500368 -0.932803 0.110613 1.20926 -0.922546 0.21067 1.26858 -0.861146 0.185037 1.28773
0.0499426 -0.930068 0.10306 1.22097 -0.9143 0.212104 1.2315 -0.891078 0.175182 1.22052
0.0500411 -0.926676 0.096778 1.22757 -0.910505 0.199752 1.20941 -0.909082 0.100433 1.20177
0.049964 -0.919221 0.083977 1.24512 -0.906242 0.183952 1.23223 -0.903222 0.0693026 1.23468
0.050028 -0.916472 0.076813 1.25274 -0.905976 0.17128 1.26844 -0.919614 0.0711673 1.2739
0.0499674 -0.913833 0.070086 1.25926 -0.91376 0.170133 1.30719 -0.962029 0.122114 1.31312
0.050007 -0.908056 0.061866 1.27003 -0.921426 0.161048 1.32897 -0.967617 0.0768694 1.33113
0.050092 -0.904193 0.057813 1.27449 -0.911738 0.156913 1.28076 -0.879101 0.0954457 1.26741
0.0498874 -0.900218 0.052145 1.28392 -0.903172 0.139771 1.26612 -0.876722 0.0220585 1.26044
0.049947 -0.896431 0.045231 1.29577 -0.903656 0.133749 1.26772 -0.918408 0.066859 1.2656
0.0500478 -0.889121 0.028416 1.31503 -0.894283 0.133257 1.24627 -0.864704 0.0911478 1.23904
0.0499813 -0.886205 0.020595 1.32125 -0.908961 0.122218 1.33971 -0.988027 0.0321459 1.35804
0.0499959 -0.884212 0.013969 1.33139 -0.892262 0.120124 1.30845 -0.827295 0.0678308 1.29897
0.0499873 -0.881767 0.007747 1.33661 -0.88671 0.117813 1.3169 -0.873269 0.0641223 1.31617
0.0500207 -0.874166 -0.005214 1.35145 -0.8836 0.104606 1.28572 -0.881342 0.00114276 1.27608
0.05 -0.86965 -0.011634 1.35812 -0.878952 0.104589 1.31166 -0.870477 0.0612794 1.31482
0.0500143 -0.864575 -0.017942 1.36338 -0.875133 0.0939376 1.32018 -0.869643 0.00157038 1.31942
0.0499638 -0.85887 -0.023938 1.37243 -0.873048 0.110926 1.33263 -0.87498 0.143334 1.33264
0.0500039 -0.847025 -0.037225 1.39334 -0.861532 0.0824025 1.47553 -0.819264 -0.0922413 1.50499
0.0499977 -0.842963 -0.044617 1.40254 -0.859129 0.0524495 1.4082 -0.85362 -0.130047 1.39033
0.0500021 -0.838766 -0.051559 1.41309 -0.857287 0.0471619 1.33391 -0.857541 -0.0235093 1.31443
0.0499877 -0.833935 -0.057855 1.42274 -0.844208 0.0420499 1.36165 -0.796165 -0.0274909 1.36517
0.0499909 -0.824607 -0.069421 1.43988 -0.824381 0.0205544 1.45535 -0.743878 -0.12332 1.47379
0.0500602 -0.820024 -0.075082 1.44849 -0.819203 0.00433153 1.42585 -0.801655 -0.115587 1.41651
0.0499366 -0.815889 -0.080364 1.45397 -0.818225 0.010538 1.4039 -0.820831 -0.0071654 1.3962
0.0499783 -0.811799 -0.085267 1.45848 -0.812853 0.00171438 1.41885 -0.796111 -0.0830329 1.41956
0.0499971 -0.803813 -0.094426 1.46605 -0.823847 -0.000606461 1.44058 -0.880252 -0.0556352 1.44264
0.0500337 -0.799514 -0.099243 1.47057 -0.812962 -0.00158798 1.51314 -0.768963 -0.0500945 1.52686
0.0499722 -0.794127 -0.104325 1.47441 -0.804821 -0.00387337 1.44557 -0.771214 -0.0565971 1.42795
0.0500183 -0.78822 -0.110095 1.48313 -0.787925 -0.00687284 1.49812 -0.716402 -0.0617946 1.50758
0.0499554 -0.776878 -0.123055 1.50023 -0.805269 -0.0347277 1.43205 -0.88734 -0.201755 1.41461
0.0500383 -0.771616 -0.129222 1.50707 -0.802501 -0.0563751 1.50826 -0.795247 -0.19611 1.52288
0.0499647 -0.767446 -0.135958 1.51736 -0.796671 -0.0662337 1.4787 -0.77344 -0.154361 1.46952
0.0500133 -0.764519 -0.143259 1.53263 -0.779196 -0.0696535 1.47846 -0.704533 -0.130402 1.47587
0.0500236 -0.756982 -0.155994 1.54769 -0.767541 -0.0735731 1.52113 -0.718932 -0.138436 1.528
0.049977 -0.750869 -0.160314 1.5577 -0.776743 -0.083063 1.58783 -0.82016 -0.173922 1.59982
0.0500066 -0.7444 -0.165253 1.57177 -0.787417 -0.113347 1.53404 -0.835532 -0.29835 1.51898
0.0500214 -0.738932 -0.17137 1.58284 -0.772228 -0.128398 1.60436 -0.704759 -0.244014 1.61746
0.0500062 -0.733855 -0.177718 1.59002 -0.766933 -0.135431 1.63264 -0.741268 -0.214515 1.63621
0.0499058 -0.72309 -0.187999 1.60714 -0.774207 -0.139439 1.60664 -0.804574 -0.204252 1.59792
0.0500797 -0.717887 -0.193035 1.61449 -0.770632 -0.128565 1.66626 -0.752356 -0.125539 1.67691
0.0498905 -0.712547 -0.197919 1.62097 -0.763692 -0.135295 1.6713 -0.728082 -0.210929 1.66978
0.0500501 -0.701117 -0.207847 1.63742 -0.751194 -0.150201 1.587 -0.691143 -0.262359 1.56552
0.0499885 -0.695404 -0.213278 1.64307 -0.738471 -0.151764 1.66551 -0.679627 -0.20315 1.68059
0.0500129 -0.689656 -0.218445 1.65163 -0.730755 -0.152434 1.68608 -0.691611 -0.199619 1.68812
0.0499956 -0.684168 -0.223667 1.65793 -0.724627 -0.150394 1.70828 -0.691714 -0.185425 1.71066
0.0500891 -0.672446 -0.232628 1.67368 -0.725875 -0.153313 1.65992 -0.725887 -0.211502 1.64634
0.0498974 -0.667032 -0.237277 1.67958 -0.719834 -0.159345 1.67429 -0.688511 -0.23139 1.67487
0.0500355 -0.661226 -0.242169 1.69504 -0.706622 -0.169438 1.58081 -0.643277 -0.260034 1.55727
0.0499561 -0.655497 -0.246981 1.70244 -0.683297 -0.180608 1.66934 -0.576697 -0.276123 1.68675
0.0500387 -0.6426 -0.25556 1.7182 -0.681542 -0.191476 1.7778 -0.668221 -0.285638 1.79943
0.0499604 -0.636667 -0.260308 1.72737 -0.674433 -0.186495 1.7207 -0.633642 -0.208558 1.70526
0.0500187 -0.630587 -0.265522 1.73795 -0.672331 -0.201799 1.73352 -0.655988 -0.316256 1.73365
0.0499904 -0.624291 -0.270446 1.74614 -0.67089 -0.217073 1.76009 -0.656827 -0.331255 1.7633
0.0501101 -0.610899 -0.280357 1.7666 -0.665279 -0.230304 1.85205 -0.630523 -0.335017 1.86996
0.0498586 -0.603972 -0.284901 1.77548 -0.657037 -0.21108 1.83006 -0.607492 -0.167978 1.82254
0.0504361 -0.597459 -0.288945 1.7858 -0.644995 -0.197009 1.77807 -0.579287 -0.178528 1.76378
0.0495567 -0.591705 -0.292861 1.79069 -0.628047 -0.219501 1.75884 -0.542325 -0.366122 1.75191
0.050653 -0.579979 -0.300187 1.80413 -0.624598 -0.220511 1.80698 -0.600007 -0.270501 1.81504
0.0493254 -0.573897 -0.303973 1.8081 -0.622126 -0.237305 1.76424 -0.600903 -0.357251 1.75194
0.0500196 -0.567697 -0.308638 1.81609 -0.607227 -0.24201 1.75458 -0.531522 -0.307111 1.74989
0.0499984 -0.56129 -0.312876 1.82107 -0.620179 -0.229897 1.77072 -0.670578 -0.218666 1.77157
0.0500051 -0.555091 -0.31673 1.82947 -0.598694 -0.244379 1.85489 -0.492055 -0.353481 1.87128
0.0500241 -0.542711 -0.324413 1.83882 -0.600689 -0.248727 1.84422 -0.597412 -0.311262 1.83913
0.0499725 -0.535902 -0.328289 1.85072 -0.591673 -0.255018 1.8065 -0.539349 -0.326515 1.79544
0.0499789 -0.529201 -0.332827 1.85858 -0.579276 -0.28516 1.8625 -0.512397 -0.464775 1.87243
0.0499878 -0.515535 -0.342498 1.87594 -0.573468 -0.280847 1.88206 -0.53428 -0.304217 1.88384
0.0499935 -0.508542 -0.345979 1.884 -0.570888 -0.283559 1.85677 -0.545647 -0.339228 1.84839
0.0515657 -0.501254 -0.348754 1.89085 -0.544731 -0.283573 1.90887 -0.412917 -0.328563 1.91802
0.0484172 -0.494017 -0.351807 1.90355 -0.539892 -0.297497 1.95083 -0.503047 -0.402161 1.95759
0.050011 -0.480447 -0.359036 1.922 -0.538461 -0.29979 1.96017 -0.514812 -0.353257 1.95949
0.050002 -0.474115 -0.362536 1.92739 -0.537849 -0.291232 1.97932 -0.517522 -0.295194 1.98088
0.0500197 -0.467528 -0.365647 1.93494 -0.534121 -0.301744 1.96447 -0.499422 -0.391162 1.9584
0.0499548 -0.461042 -0.368646 1.94217 -0.525186 -0.321432 1.99848 -0.467143 -0.452397 2.00339
0.0499984 -0.447668 -0.374464 1.9564 -0.514227 -0.315431 2.03309 -0.445651 -0.329596 2.03826
0.0499631 -0.441088 -0.377157 1.96532 -0.506595 -0.301468 1.94166 -0.452872 -0.279238 1.91858
0.0500397 -0.434051 -0.380311 1.97149 -0.496324 -0.309765 2.00162 -0.433209 -0.388931 2.01245
0.0499556 -0.42739 -0.383214 1.98259 -0.490146 -0.303935 2.07068 -0.443042 -0.318016 2.08357
0.0502143 -0.413194 -0.389181 1.99196 -0.476613 -0.310036 1.92206 -0.395347 -0.377679 1.88614
0.0497869 -0.40575 -0.39173 1.99786 -0.474703 -0.33563 1.94133 -0.45075 -0.492853 1.94292
0.0500352 -0.398565 -0.394266 2.00846 -0.488159 -0.346043 1.91646 -0.533131 -0.434826 1.90803
0.0499487 -0.391859 -0.396694 2.02004 -0.48731 -0.365063 2.04464 -0.467138 -0.493044 2.07063
0.0500371 -0.37745 -0.401983 2.03217 -0.483808 -0.381344 2.03432 -0.447479 -0.495397 2.02925
0.049989 -0.369843 -0.404419 2.0408 -0.477146 -0.390013 2.03682 -0.426871 -0.469753 2.03469
0.0500018 -0.362236 -0.406825 2.05098 -0.458098 -0.386407 2.06499 -0.351442 -0.410698 2.06878
0.0500172 -0.354881 -0.409699 2.06007 -0.446697 -0.396088 2.11826 -0.37321 -0.479771 2.12754
0.0499798 -0.340067 -0.414684 2.07634 -0.431001 -0.384208 2.10131 -0.336213 -0.37025 2.09495
0.0499681 -0.332688 -0.417064 2.08783 -0.421074 -0.385819 2.10666 -0.352811 -0.433145 2.10517
0.0500769 -0.325199 -0.419145 2.09592 -0.431159 -0.377027 2.04913 -0.453652 -0.377531 2.0334
0.0499315 -0.318238 -0.421214 2.10664 -0.421665 -0.388969 2.1119 -0.356952 -0.483898 2.12323
0.0506129 -0.311227 -0.423091 2.1133 -0.404145 -0.402036 2.10572 -0.301251 -0.500936 2.10165
0.049371 -0.297193 -0.426724 2.12213 -0.392153 -0.404787 2.13429 -0.315025 -0.455622 2.13811
0.0500683 -0.289968 -0.428015 2.13021 -0.38631 -0.397263 2.13659 -0.336041 -0.401218 2.13451
0.049912 -0.282922 -0.430072 2.1377 -0.370261 -0.399218 2.13423 -0.273493 -0.446503 2.13111
0.0500026 -0.268433 -0.434596 2.15049 -0.356379 -0.390548 2.12152 -0.270287 -0.388799 2.11619
0.0499949 -0.261471 -0.436016 2.15882 -0.368151 -0.405911 2.13012 -0.397912 -0.513556 2.12917
0.0500592 -0.25394 -0.43742 2.16768 -0.358739 -0.406754 2.22065 -0.292237 -0.447443 2.23841
0.0499361 -0.246038 -0.439269 2.17453 -0.343762 -0.397753 2.12341 -0.250385 -0.392596 2.09916
0.0500282 -0.237917 -0.441379 2.18227 -0.335194 -0.385214 2.23406 -0.272291 -0.365976 2.25635
0.0499656 -0.222376 -0.445579 2.20145 -0.313943 -0.39204 2.26579 -0.189861 -0.458493 2.27033
0.0500292 -0.214748 -0.447066 2.20922 -0.315428 -0.414075 2.15497 -0.293729 -0.54962 2.12721
0.0499555 -0.207708 -0.447574 2.21922 -0.317112 -0.433058 2.2185 -0.298943 -0.5569 2.22986
0.0504032 -0.192733 -0.448817 2.23275 -0.314319 -0.433448 2.21552 -0.273881 -0.472236 2.2121
0.0496021 -0.184844 -0.450029 2.24133 -0.303887 -0.432202 2.21632 -0.229707 -0.462723 2.2139
0.0500179 -0.176956 -0.451614 2.25144 -0.286803 -0.435015 2.16706 -0.182936 -0.484124 2.15344
0.0499943 -0.169164 -0.452765 2.25902 -0.247779 -0.432435 2.23269 -0.0457895 -0.457648 2.24508
0.0501117 -0.16174 -0.453557 2.26537 -0.234275 -0.414765 2.32843 -0.145043 -0.369815 2.34745
0.0498437 -0.147233 -0.454963 2.2826 -0.216364 -0.409815 2.34559 -0.104677 -0.419893 2.34693
0.0500602 -0.140134 -0.455451 2.28809 -0.200607 -0.408917 2.23328 -0.0987045 -0.437957 2.20551
0.0499397 -0.132662 -0.456046 2.29253 -0.204364 -0.407426 2.33 -0.192913 -0.435786 2.34896
0.0502087 -0.117789 -0.457646 2.30778 -0.197316 -0.407145 2.31651 -0.13467 -0.438695 2.31084
0.049786 -0.110172 -0.457878 2.31246 -0.194273 -0.417923 2.28598 -0.15052 -0.499722 2.2764
0.0500316 -0.102663 -0.458102 2.31852 -0.181894 -0.428306 2.38068 -0.0955959 -0.508948 2.39923
0.049959 -0.095004 -0.457969 2.32812 -0.1636 -0.429367 2.31027 -0.0486964 -0.465979 2.29189
0.0499885 -0.087807 -0.458097 2.33479 -0.15001 -0.414011 2.4101 -0.0571878 -0.377786 2.42997
0.0500255 -0.071958 -0.458845 2.35275 -0.147894 -0.433176 2.45824 -0.104003 -0.550127 2.46616
0.0500121 -0.063368 -0.458507 2.35806 -0.124632 -0.422737 2.33804 0.0154784 -0.405773 2.30857
0.049977 -0.055039 -0.458136 2.36975 -0.120707 -0.423696 2.35968 -0.0708641 -0.46119 2.36178
0.0501178 -0.04717 -0.458266 2.3795 -0.0973875 -0.44284 2.29617 0.0404143 -0.562607 2.27919
0.0498863 -0.031169 -0.458551 2.39352 -0.105352 -0.428204 2.38573 -0.11029 -0.39594 2.4031
0.0500097 -0.023272 -0.458015 2.40613 -0.0983093 -0.431003 2.40404 -0.0326599 -0.475461 2.4054
0.0500051 -0.015294 -0.457842 2.41541 -0.101872 -0.43177 2.40466 -0.0837306 -0.46651 2.40199
0.0499357 -0.007402 -0.457274 2.42601 -0.0994983 -0.418759 2.45904 -0.0543919 -0.390604 2.4686
0.0500265 0.006811 -0.456323 2.43848 -0.098302 -0.427112 2.49247 -0.0563737 -0.494278 2.4971
0.0499885 0.01389 -0.45587 2.44613 -0.0862755 -0.405066 2.48899 0.00451973 -0.333318 2.48573
0.0500215 0.021115 -0.454571 2.44964 -0.0726905 -0.429313 2.46844 0.0245925 -0.566724 2.461
0.0499286 0.036603 -0.453644 2.46423 -0.0590033 -0.424028 2.4324 0.0377405 -0.428569 2.42176
0.0500786 0.044164 -0.453076 2.48211 -0.0534484 -0.441114 2.48838 0.00553204 -0.546835 2.49818
0.0499319 0.05265 -0.453117 2.47849 -0.0447272 -0.433289 2.4757 0.0295355 -0.424899 2.47033
0.0500244 0.060851 -0.451726 2.48282 -0.0409134 -0.424482 2.40612 0.0105407 -0.412553 2.38797
0.0501861 0.069008 -0.450624 2.49046 -0.0358987 -0.44368 2.46287 0.0202975 -0.560182 2.4728
0.0497895 0.085354 -0.448835 2.523 -0.0327273 -0.434794 2.46552 0.0160791 -0.422561 2.46355
0.0500552 0.093325 -0.448424 2.5343 -0.0112055 -0.431386 2.46778 0.121918 -0.444889 2.4657
0.0499474 0.100852 -0.446944 2.54174 -0.00897907 -0.423351 2.63099 0.0378474 -0.414496 2.66493
0.0499994 0.108436 -0.445188 2.54802 0.00433908 -0.417465 2.57086 0.104452 -0.414073 2.55474
0.0500066 0.124023 -0.441394 2.56615 0.0236133 -0.426826 2.58512 0.149478 -0.494004 2.58559
0.0500289 0.131597 -0.439659 2.57359 0.0214994 -0.417872 2.6144 0.0521738 -0.402237 2.6182
0.0499397 0.137847 -0.438245 2.58875 0.0207014 -0.405306 2.56465 0.057547 -0.372814 2.55078
0.0501418 0.151887 -0.435475 2.59899 0.0389065 -0.418995 2.5213 0.160536 -0.507147 2.50872
0.0498413 0.15853 -0.434029 2.6066 0.0540583 -0.417984 2.649 0.160497 -0.439137 2.675
0.0500807 0.165495 -0.432169 2.61088 0.0675847 -0.430501 2.57935 0.167948 -0.50903 2.561
0.0499196 0.171128 -0.429924 2.62775 0.0803267 -0.421996 2.66049 0.176127 -0.406866 2.67616
0.0500621 0.186063 -0.426351 2.64451 0.099252 -0.445764 2.6791 0.22431 -0.573747 2.68048
0.0499594 0.193396 -0.424517 2.65175 0.105306 -0.431046 2.64912 0.172327 -0.384765 2.63989
0.0499829 0.200611 -0.422401 2.65941 0.108961 -0.437695 2.55855 0.16431 -0.489693 2.53553
0.0499855 0.207538 -0.419968 2.66695 0.123179 -0.435807 2.69027 0.225493 -0.450991 2.71722
0.0501533 0.221485 -0.41557 2.68633 0.136056 -0.449063 2.73277 0.234909 -0.528357 2.73955
0.0498478 0.22885 -0.413087 2.69208 0.151529 -0.446669 2.77761 0.263242 -0.453622 2.78504
0.0499666 0.236064 -0.410806 2.7038 0.169422 -0.437676 2.66464 0.292366 -0.414394 2.63673
0.0500318 0.243347 -0.407995 2.71083 0.188362 -0.440022 2.69956 0.314574 -0.471364 2.70474
0.0505559 0.257999 -0.402301 2.73075 0.18897 -0.432367 2.76168 0.233892 -0.417184 2.7729
0.049447 0.265739 -0.400133 2.74052 0.204395 -0.395106 2.79678 0.316767 -0.243545 2.80234
0.0500096 0.273497 -0.397581 2.75007 0.198332 -0.385521 2.76044 0.213944 -0.358169 2.74961
0.0500024 0.280666 -0.393629 2.7444 0.206557 -0.385709 2.70351 0.286153 -0.404301 2.68801
0.0499745 0.288084 -0.390376 2.75488 0.214683 -0.386679 2.72574 0.293261 -0.410557 2.72799
0.04999 0.301178 -0.384811 2.77193 0.207169 -0.386433 2.81358 0.215898 -0.403348 2.83048
0.0499855 0.307368 -0.382312 2.77637 0.229942 -0.375038 2.8065 0.376344 -0.338568 2.80236
0.0499829 0.313699 -0.379832 2.77953 0.241965 -0.367837 2.80455 0.339226 -0.350399 2.8015
0.0501403 0.326371 -0.372661 2.79368 0.245263 -0.374851 2.75043 0.302593 -0.4221 2.73553
0.0499102 0.333323 -0.369835 2.80195 0.258752 -0.358323 2.79595 0.360994 -0.300315 2.80371
0.0499564 0.340302 -0.367221 2.81033 0.260312 -0.357068 2.82641 0.309113 -0.366242 2.83061
0.0499356 0.346961 -0.364383 2.81446 0.272211 -0.354524 2.84086 0.368154 -0.356757 2.84151
0.0502356 0.360215 -0.357373 2.83228 0.285194 -0.359039 2.81175 0.386377 -0.393044 2.80255
0.0498309 0.36756 -0.353895 2.83975 0.294365 -0.356384 2.82702 0.377674 -0.358685 2.82786
0.0499547 0.374827 -0.350632 2.84818 0.295507 -0.368883 2.8188 0.343839 -0.439618 2.81411
0.0499594 0.382457 -0.347614 2.85723 0.305445 -0.36702 2.83643 0.393512 -0.372986 2.83771
0.0504051 0.389583 -0.343577 2.87012 0.316624 -0.364017 2.90239 0.410646 -0.363603 2.91454
0.0496335 0.40263 -0.335558 2.88668 0.326672 -0.356878 2.88914 0.415697 -0.335515 2.88358
0.0500696 0.408901 -0.331496 2.89285 0.339763 -0.35706 2.83749 0.442935 -0.369886 2.82321
0.0498905 0.415261 -0.327089 2.89953 0.355376 -0.349769 2.84166 0.469276 -0.330504 2.84
0.0503034 0.427816 -0.319865 2.91374 0.358858 -0.342207 2.86789 0.418565 -0.32149 2.8711
0.0496644 0.435308 -0.315746 2.92552 0.371818 -0.356386 2.92178 0.474295 -0.432366 2.93104
0.0500283 0.441304 -0.312032 2.93382 0.37718 -0.341026 2.91466 0.445558 -0.281676 2.91052
0.0499881 0.446148 -0.308787 2.93691 0.387564 -0.337581 2.93523 0.478638 -0.332128 2.93719
0.0500155 0.453168 -0.303983 2.95339 0.385991 -0.332637 2.99255 0.42326 -0.319142 3.00274
0.0499507 0.463857 -0.29714 2.95681 0.39094 -0.341065 2.90645 0.457451 -0.38674 2.88437
0.0500896 0.470907 -0.292255 2.97459 0.387309 -0.336625 2.96527 0.413955 -0.326415 2.97585
0.049912 0.477122 -0.287995 2.97935 0.389634 -0.336983 3.02909 0.443602 -0.345842 3.04077
0.0505093 0.483083 -0.283846 2.9777 0.408712 -0.320436 2.96989 0.539216 -0.251367 2.95414
0.0494806 0.494798 -0.274741 3.00272 0.40612 -0.327331 2.97943 0.437637 -0.366005 2.97887
0.0500501 0.500853 -0.270365 3.00171 0.415034 -0.317761 3.02566 0.499441 -0.281403 3.03347
0.0499382 0.507113 -0.26495 3.02061 0.439417 -0.30895 3.00236 0.593913 -0.274641 2.99459
0.0501917 0.513105 -0.260536 3.02717 0.446204 -0.311159 2.97726 0.521175 -0.327712 2.96893
0.0498163 0.525064 -0.25031 3.04404 0.456096 -0.300604 3.0072 0.545346 -0.260118 3.01134
0.0500533 0.531746 -0.245344 3.05288 0.443314 -0.299582 3.0897 0.431587 -0.300481 3.10541
0.0499658 0.538362 -0.240775 3.06237 0.454018 -0.286657 3.07412 0.548711 -0.230951 3.06799
0.0504076 0.544205 -0.235518 3.07026 0.469673 -0.285838 3.02928 0.587345 -0.285894 3.01642
0.0495422 0.555603 -0.225456 3.08842 0.479427 -0.277966 3.08416 0.570387 -0.247252 3.09375
0.0500663 0.561159 -0.220623 3.09531 0.489044 -0.255054 3.08163 0.578446 -0.154324 3.07857
0.0499209 0.566928 -0.215746 3.10571 0.482814 -0.26026 3.09893 0.500404 -0.286483 3.1
0.0504325 0.572972 -0.210998 3.11289 0.50061 -0.248931 3.07542 0.626713 -0.200048 3.06754
0.0495994 0.583434 -0.199526 3.12341 0.505422 -0.236867 3.08414 0.571307 -0.185311 3.08357
0.0500318 0.589005 -0.194131 3.13088 0.518584 -0.22664 3.06299 0.622645 -0.18331 3.05569
0.0499465 0.595077 -0.189205 3.1387 0.533118 -0.196193 3.13077 0.643294 -0.0615777 3.14364
0.050453 0.60094 -0.184395 -3.14066 0.553029 -0.178541 -3.12146 0.688325 -0.099089 -3.11704
0.0495592 0.612157 -0.173356 -3.12582 0.561383 -0.17032 -3.05572 0.643792 -0.13176 -3.04357
0.0500374 0.617301 -0.168157 -3.12101 0.568482 -0.157843 -3.0441 0.645718 -0.0975877 -3.04408
0.0499287 0.62336 -0.162281 -3.11004 0.565933 -0.164296 -3.07844 0.599412 -0.189513 -3.08892
0.0499935 0.629539 -0.157293 -3.10059 0.563264 -0.13464 -3.13897 0.597302 0.00155297 -3.15499
0.0500188 0.639098 -0.146058 -3.0813 0.563549 -0.150853 -3.10044 0.611226 -0.223724 -3.09476
0.0500662 0.643876 -0.140872 -3.07622 0.561548 -0.149287 -3.11803 0.598458 -0.14062 -3.12472
0.0499214 0.64912 -0.134792 -3.06669 0.543282 -0.137624 -3.08302 0.506469 -0.0836199 -3.07779
0.0500374 0.653696 -0.128333 -3.05423 0.565389 -0.126077 -3.13881 0.710893 -0.0718984 -3.15394
0.0499229 0.664299 -0.116233 -3.03239 0.580573 -0.131745 -3.04467 0.694672 -0.156423 -3.02634
0.0500473 0.669253 -0.110951 -3.02654 0.600842 -0.141379 -3.03087 0.73786 -0.180489 -3.03063
0.0499561 0.673781 -0.105194 -3.01869 0.611541 -0.114534 -2.99287 0.705093 0.0120417 -2.9868
0.0501929 0.678079 -0.099459 -3.01257 0.607799 -0.116261 -3.03358 0.635415 -0.117915 -3.04542
0.0497968 0.687654 -0.087593 -2.99931 0.606373 -0.107346 -3.03606 0.643848 -0.0624346 -3.03917
0.0502212 0.692309 -0.081545 -2.99301 0.617862 -0.0898242 -2.9218 0.714047 -0.00497347 -2.89867
0.049782 0.696955 -0.075649 -2.98583 0.643675 -0.0778866 -2.99814 0.803741 -0.0151203 -3.01785
0.0500277 0.701257 -0.069403 -2.97525 0.648712 -0.075558 -2.93758 0.715574 -0.0581949 -2.92665
0.0499664 0.709577 -0.056428 -2.95908 0.654625 -0.0688901 -2.90374 0.725183 -0.0294786 -2.89878
0.0500137 0.714123 -0.050438 -2.9538 0.651047 -0.0733695 -2.96562 0.679227 -0.0836052 -2.98227
0.0499802 0.718091 -0.044713 -2.94664 0.659279 -0.0681828 -2.95954 0.7413 -0.0368356 -2.96086
0.0501591 0.722373 -0.037499 -2.93423 0.667308 -0.066314 -2.94237 0.748497 -0.0495521 -2.94125
0.0498398 0.731361 -0.02344 -2.91757 0.670235 -0.0691782 -2.96244 0.727526 -0.0735412 -2.96967
0.0500627 0.735449 -0.016804 -2.90906 0.675854 -0.0604485 -2.88672 0.746425 -0.0121843 -2.87241
0.0498997 0.740544 -0.009927 -2.89579 0.683288 -0.0549498 -2.92789 0.761412 -0.0190503 -2.93984
0.050005 0.745142 -0.003426 -2.8935 0.706304 -0.0494693 -2.8672 0.855899 -0.0143182 -2.85637
0.0499867 0.753343 0.009615 -2.87672 0.709931 -0.0556687 -2.90977 0.771767 -0.0714692 -2.92221
0.0500765 0.757467 0.017078 -2.864 0.695714 -0.045768 -2.8395 0.676918 0.0102916 -2.82641
0.0499419 0.76101 0.02323 -2.85668 0.688829 -0.0279714 -2.78864 0.702254 0.0667193 -2.77982
0.0499887 0.764557 0.029286 -2.8483 0.698757 -0.015743 -2.8215 0.787788 0.0552822 -2.83158
0.0499792 0.771734 0.041287 -2.84101 0.706945 -0.00917812 -2.83252 0.787869 0.0347977 -2.83772
0.0501697 0.774575 0.048296 -2.84222 0.70837 0.00780184 -2.8604 0.758004 0.0979064 -2.86919
0.0498205 0.778241 0.055679 -2.82936 0.709323 0.0209273 -2.75808 0.756512 0.0935319 -2.73769
0.0500064 0.782247 0.062387 -2.82395 0.696631 0.0294462 -2.83602 0.68066 0.0837124 -2.85603
0.0499866 0.790588 0.076379 -2.80476 0.711969 0.0365193 -2.84355 0.823716 0.0816747 -2.84788
0.0500562 0.793714 0.084418 -2.79975 0.71998 0.041019 -2.82034 0.799936 0.074908 -2.81786
0.0500965 0.797533 0.091209 -2.78939 0.734433 0.0366722 -2.79849 0.843231 0.0316028 -2.79643
0.0498368 0.801554 0.098129 -2.78802 0.736644 0.0481359 -2.82388 0.789691 0.114923 -2.8322
0.0499925 0.808901 0.112144 -2.76048 0.750087 0.0599587 -2.75719 0.854168 0.128197 -2.7449
0.0500367 0.811691 0.119836 -2.74849 0.76069 0.0822322 -2.76189 0.851162 0.199906 -2.7655
0.0499852 0.814926 0.126872 -2.7399 0.760871 0.0907686 -2.76453 0.8042 0.146144 -2.76777
0.049981 0.81749 0.134495 -2.73785 0.766005 0.0936878 -2.71457 0.831574 0.124056 -2.7061
0.0500085 0.822169 0.148835 -2.71323 0.782972 0.0991738 -2.68743 0.901292 0.143067 -2.6841
0.0500648 0.825242 0.155337 -2.70476 0.772876 0.103151 -2.72424 0.76875 0.140839 -2.73517
0.0499181 0.82825 0.161573 -2.69784 0.784469 0.110461 -2.78995 0.879164 0.16141 -2.80742
0.0499948 0.831125 0.168107 -2.69127 0.784409 0.121298 -2.74287 0.826725 0.186257 -2.73493
0.0500165 0.835729 0.181984 -2.68228 0.769099 0.132905 -2.6701 0.740938 0.203272 -2.65629
0.0500215 0.837971 0.189178 -2.67246 0.775167 0.130855 -2.65995 0.842142 0.141734 -2.66038
0.0499469 0.844326 0.206873 -2.65762 0.781234 0.153629 -2.74665 0.888322 0.297569 -2.77129
0.0500392 0.846414 0.213641 -2.65166 0.796068 0.164948 -2.55413 0.904297 0.235183 -2.51361
0.0500177 0.85213 0.231199 -2.62747 0.793965 0.170365 -2.5767 0.858807 0.244441 -2.58706
0.049967 0.853696 0.238382 -2.61829 0.802382 0.195587 -2.58623 0.87883 0.33365 -2.59091
0.0500122 0.857836 0.253799 -2.60443 0.801739 0.194593 -2.61404 0.837494 0.213632 -2.623
0.0500505 0.85937 0.261421 -2.59438 0.795616 0.204365 -2.56338 0.807281 0.271878 -2.55464
0.0499383 0.860836 0.269196 -2.59026 0.805932 0.215865 -2.60313 0.891128 0.292393 -2.61474
0.0500012 0.862917 0.276486 -2.57916 0.808841 0.217673 -2.58287 0.862174 0.249939 -2.58113
0.0499981 0.867466 0.292999 -2.5544 0.791605 0.218376 -2.57599 0.753383 0.24628 -2.57714
0.0500194 0.868914 0.301147 -2.54838 0.801413 0.235629 -2.59731 0.885182 0.338224 -2.60478
0.0500626 0.872585 0.318686 -2.5193 0.805332 0.247715 -2.51187 0.901637 0.351275 -2.49817
0.0499834 0.874245 0.325366 -2.51191 0.817997 0.251422 -2.43752 0.912224 0.295884 -2.42366
0.0500166 0.876089 0.332217 -2.50845 0.827408 0.263322 -2.49293 0.905459 0.346366 -2.50808
0.0499406 0.877468 0.348277 -2.49514 0.838561 0.276835 -2.48623 0.92455 0.364813 -2.48735
0.0500285 0.878719 0.355585 -2.48725 0.821133 0.293089 -2.35906 0.777043 0.394574 -2.33297
0.049994 0.880377 0.36238 -2.4805 0.837379 0.291499 -2.44542 0.943104 0.315092 -2.4676
0.0499806 0.881966 0.369514 -2.47327 0.843515 0.312619 -2.41643 0.905409 0.436822 -2.41247
0.0499825 0.888761 0.425898 -2.41016 0.83384 0.310385 -2.38639 0.954761 0.453015 -2.39307
0.0499908 0.889453 0.449063 -2.38674 0.826704 0.306823 -2.41437 0.893997 0.38587 -2.42888
0.0500558 0.889836 0.464315 -2.37031 0.83598 0.332412 -2.41339 0.912431 0.478633 -2.41579
0.0501449 0.891203 0.482806 -2.35313 0.849835 0.337659 -2.45567 0.980692 0.4221 -2.47069
0.0499011 0.891097 0.489832 -2.3449 0.838504 0.357183 -2.33287 0.821579 0.474855 -2.3078
0.0499673 0.890931 0.497213 -2.33902 0.848481 0.364722 -2.31087 0.924774 0.431618 -2.30866
0.0499909 0.890947 0.504194 -2.33312 0.843647 0.395348 -2.33633 0.852358 0.566638 -2.34447
0.0499819 0.890629 0.518556 -2.31879 0.846281 0.398787 -2.28712 0.888968 0.446881 -2.27876
0.0500121 0.890108 0.526241 -2.31315 0.858612 0.416439 -2.23274 0.94295 0.529678 -2.22315
0.0499656 0.890271 0.53346 -2.30687 0.855382 0.424339 -2.26811 0.868112 0.494374 -2.2786
0.0499946 0.890357 0.5408 -2.29758 0.845079 0.430756 -2.35165 0.827688 0.493148 -2.37292
0.0501057 0.88852 0.556877 -2.28335 0.846467 0.44117 -2.30393 0.883803 0.520077 -2.29582
0.0499677 0.887955 0.564437 -2.27196 0.843121 0.437768 -2.26419 0.858199 0.456324 -2.258
0.0499309 0.887414 0.572135 -2.26474 0.843675 0.464502 -2.31967 0.875795 0.619899 -2.33466
0.0499957 0.887538 0.579007 -2.27478 0.84039 0.464459 -2.32768 0.856793 0.497593 -2.33219
0.0500091 0.886548 0.595607 -2.25848 0.828009 0.493474 -2.28659 0.803764 0.658563 -2.27984
0.0500464 0.885531 0.603628 -2.24783 0.841306 0.510387 -2.24613 0.932178 0.622638 -2.23986
0.0499388 0.884358 0.610927 -2.2378 0.840188 0.527747 -2.27105 0.864869 0.642692 -2.27933
0.0499648 0.883338 0.617975 -2.22952 0.842153 0.537238 -2.23722 0.88121 0.616262 -2.2324
0.0500003 0.881234 0.633121 -2.20774 0.8488 0.551751 -2.25375 0.907799 0.653677 -2.26019
0.0500965 0.880442 0.640551 -2.20198 0.860168 0.572754 -2.2651 0.94013 0.702446 -2.27029
0.049949 0.879445 0.647699 -2.19649 0.842836 0.581534 -2.22498 0.792933 0.655751 -2.21847
0.0499871 0.877969 0.65517 -2.19155 0.852609 0.581728 -2.18268 0.923402 0.617813 -2.17592
0.0499755 0.874541 0.670198 -2.17957 0.850206 0.574212 -2.21813 0.865284 0.576413 -2.22877
0.0500468 0.873798 0.677506 -2.17299 0.854123 0.587847 -2.15 0.898613 0.685799 -2.13736
0.0499655 0.87369 0.684898 -2.14611 0.862305 0.604244 -2.1303 0.923913 0.716123 -2.12855
0.0499632 0.872161 0.692951 -2.13353 0.86137 0.608855 -2.01958 0.879996 0.667958 -1.99738
0.0500033 0.868859 0.709875 -2.11331 0.853122 0.606641 -2.13562 0.836271 0.636206 -2.16426
0.0500577 0.867432 0.718104 -2.10412 0.855579 0.6245 -2.11875 0.89143 0.744339 -2.11766
0.0499606 0.865547 0.72544 -2.09542 0.860542 0.642011 -2.16137 0.907513 0.760315 -2.17364
0.0499694 0.863308 0.732458 -2.08566 0.86635 0.660519 -2.15676 0.918534 0.782705 -2.15845
0.0500284 0.859368 0.747633 -2.06796 0.852185 0.684526 -2.15472 0.813975 0.83168 -2.15677
0.0499953 0.857132 0.755534 -2.06116 0.845131 0.685381 -2.07672 0.837525 0.727141 -2.06186
0.0499972 0.853968 0.763198 -2.05433 0.826537 0.683166 -2.1615 0.765119 0.712011 -2.18306
0.0499644 0.851112 0.769988 -2.04464 0.825637 0.677727 -2.05297 0.846194 0.691571 -2.03138
0.0500168 0.847763 0.784566 -2.03127 0.825059 0.680112 -1.91978 0.842815 0.732371 -1.89266
0.050041 0.845985 0.791397 -2.02391 0.842901 0.689508 -1.98982 0.939645 0.773895 -2.00836
0.0499297 0.843715 0.79833 -2.02009 0.851275 0.708825 -2.02641 0.907804 0.836906 -2.0373
0.0499884 0.841155 0.80559 -2.01345 0.84306 0.722201 -2.05882 0.825954 0.822522 -2.06862
0.0499869 0.836434 0.819232 -1.99949 0.83568 0.726744 -1.95977 0.822588 0.787221 -1.94014
0.0500569 0.833892 0.826009 -1.99149 0.819378 0.72813 -1.97931 0.763075 0.775944 -1.98622
0.0499914 0.831177 0.832756 -1.98367 0.811997 0.746436 -1.99782 0.796834 0.870426 -2.00452
0.0499605 0.828589 0.839229 -1.97725 0.813341 0.761744 -1.96343 0.837891 0.872035 -1.95836
0.05002 0.823543 0.852632 -1.96043 0.813577 0.759813 -1.94941 0.831856 0.792697 -1.94898
0.0499781 0.819816 0.859565 -1.955 0.81854 0.794474 -1.97155 0.857905 0.992774 -1.97912
0.0500309 0.816109 0.86685 -1.94592 0.795757 0.793617 -1.93194 0.710026 0.831066 -1.92553
0.0499818 0.81272 0.874313 -1.93374 0.796885 0.808283 -1.96669 0.818341 0.916572 -1.97714
0.0500105 0.8055 0.890012 -1.91657 0.777868 0.817195 -1.96763 0.709596 0.899394 -1.97035
0.0500317 0.801934 0.89747 -1.90384 0.784236 0.831265 -1.91231 0.830595 0.937896 -1.90269
0.0499378 0.798741 0.904764 -1.89795 0.785078 0.837425 -1.90293 0.804437 0.908936 -1.90359
0.04998 0.795108 0.911601 -1.88783 0.782487 0.848629 -1.88497 0.786019 0.943585 -1.88368
0.0501591 0.788466 0.925303 -1.8709 0.775158 0.853323 -1.82861 0.75601 0.918927 -1.81867
0.0498649 0.785465 0.93174 -1.86327 0.789159 0.86885 -1.91625 0.865157 0.983373 -1.93876
0.0499869 0.782594 0.937944 -1.85557 0.788146 0.875672 -1.82273 0.798443 0.950213 -1.80448
0.0499503 0.779458 0.944017 -1.84921 0.7902 0.884961 -1.83476 0.811053 0.970928 -1.84018
0.050091 0.772083 0.956914 -1.83715 0.78144 0.902319 -1.86818 0.75408 1.02427 -1.87824
0.0499464 0.767746 0.963562 -1.83143 0.760466 0.893444 -1.80634 0.678059 0.895308 -1.79491
0.0504077 0.763767 0.970901 -1.82529 0.752376 0.902742 -1.82652 0.726457 0.987751 -1.8336
0.049547 0.760133 0.978265 -1.81762 0.750491 0.905217 -1.8152 0.752979 0.958492 -1.81524
0.0500315 0.751845 0.992607 -1.79868 0.746049 0.914553 -1.83771 0.736932 0.999325 -1.84533
0.0500162 0.747691 0.999952 -1.78877 0.737331 0.911732 -1.75416 0.709255 0.943013 -1.73806
0.0499505 0.74374 1.00657 -1.77926 0.744658 0.917427 -1.73823 0.786029 0.987882 -1.73745
0.0499981 0.739756 1.01265 -1.77123 0.746518 0.936673 -1.78125 0.763182 1.06917 -1.79365
0.0500081 0.730784 1.02543 -1.74984 0.747517 0.927378 -1.5738 0.759884 0.931529 -1.53011
0.0500567 0.726933 1.03182 -1.7456 0.723983 0.939494 -1.70942 0.619263 1.04022 -1.74233
0.0499427 0.723161 1.03779 -1.73811 0.712633 0.956686 -1.75304 0.668246 1.07983 -1.76543
0.0499364 0.718369 1.04358 -1.73266 0.709934 0.981039 -1.61057 0.704842 1.13678 -1.5813
0.0500548 0.708842 1.05475 -1.71194 0.703242 0.974522 -1.66171 0.67546 0.990936 -1.67587
0.0499844 0.704963 1.06145 -1.70776 0.688954 0.988498 -1.76597 0.629692 1.09713 -1.79193
0.0500071 0.700646 1.06792 -1.70041 0.679226 0.986196 -1.68875 0.643499 1.02073 -1.67408
0.0499757 0.695964 1.07428 -1.68956 0.691765 0.998333 -1.715 0.753987 1.097 -1.72364
0.0500584 0.687237 1.08683 -1.68825 0.692167 0.990839 -1.62753 0.699612 1.00074 -1.61057
0.049957 0.682767 1.09243 -1.68044 0.686521 0.991329 -1.62809 0.663642 1.03777 -1.63081
0.0499986 0.678144 1.09811 -1.67356 0.700725 1.0199 -1.62225 0.767524 1.19347 -1.62373
0.0499603 0.673198 1.10348 -1.66261 0.698326 1.02895 -1.64161 0.690093 1.11456 -1.64861
0.0499654 0.664398 1.11526 -1.64988 0.683836 1.04059 -1.64575 0.621673 1.13767 -1.64919
0.0500606 0.659259 1.121 -1.64408 0.676697 1.04403 -1.65495 0.647999 1.1043 -1.65962
0.0500009 0.653683 1.12604 -1.63497 0.661607 1.0488 -1.71044 0.597836 1.11495 -1.72541
0.0499775 0.648077 1.13135 -1.62438 0.665644 1.06175 -1.66145 0.68986 1.1654 -1.65322
0.0500039 0.638041 1.1426 -1.60554 0.667562 1.07593 -1.63919 0.680279 1.18564 -1.63694
0.0500076 0.632362 1.14812 -1.58966 0.666463 1.08713 -1.57903 0.664188 1.1839 -1.56829
0.0500171 0.6266 1.15441 -1.58535 0.666847 1.10047 -1.56948 0.668998 1.20701 -1.57011
0.0499744 0.620802 1.16077 -1.56219 0.659349 1.10444 -1.5454 0.625295 1.16874 -1.54269
0.0499804 0.608988 1.1719 -1.54436 0.648732 1.11218 -1.49702 0.599226 1.19353 -1.48884
0.0500374 0.603974 1.17701 -1.53411 0.637836 1.12301 -1.52143 0.58554 1.21858 -1.52959
0.0499871 0.5993 1.18248 -1.52886 0.631232 1.13149 -1.5074 0.599078 1.21636 -1.50698
0.0499324 0.594566 1.18738 -1.51699 0.633619 1.12642 -1.52706 0.641795 1.14975 -1.53427
0.0500326 0.584089 1.19762 -1.50695 0.622658 1.13016 -1.5551 0.571518 1.19303 -1.56403
0.0500149 0.578012 1.20271 -1.5005 0.621907 1.15143 -1.4835 0.617226 1.29246 -1.47013
0.0499862 0.571926 1.20737 -1.49673 0.629385 1.16177 -1.39004 0.658491 1.2531 -1.37185
0.0499862 0.566423 1.21182 -1.48834 0.641003 1.14971 -1.49094 0.686496 1.13959 -1.51637
0.0500185 0.555857 1.2221 -1.47234 0.61037 1.14875 -1.55592 0.469115 1.18915 -1.57285
0.049991 0.549824 1.22729 -1.46407 0.591814 1.17346 -1.44979 0.506361 1.33051 -1.42851
0.0499683 0.543329 1.23306 -1.45301 0.571898 1.16433 -1.40042 0.476093 1.1679 -1.39183
0.0499932 0.538121 1.23908 -1.46324 0.578334 1.1691 -1.40414 0.600045 1.23437 -1.40771
0.0500308 0.524745 1.24846 -1.44002 0.569779 1.18095 -1.34827 0.523262 1.27872 -1.33836
0.0499837 0.518724 1.25349 -1.4348 0.560918 1.18716 -1.34141 0.510941 1.25938 -1.3425
0.0499956 0.512922 1.25824 -1.42677 0.547016 1.17613 -1.37125 0.474317 1.1704 -1.38048
0.050009 0.506859 1.26243 -1.41503 0.528363 1.19286 -1.3361 0.434822 1.31314 -1.33078
0.0499611 0.494214 1.27044 -1.40263 0.511905 1.20741 -1.39579 0.427681 1.3174 -1.41175
0.0500028 0.488022 1.27429 -1.39325 0.500296 1.20323 -1.36047 0.439778 1.2286 -1.35512
0.0500018 0.482135 1.27915 -1.38436 0.48362 1.22295 -1.33245 0.398685 1.3562 -1.32873
0.0499692 0.476695 1.28383 -1.37636 0.490761 1.2365 -1.36502 0.512812 1.34165 -1.37513
0.0501941 0.464765 1.2923 -1.36442 0.496376 1.22936 -1.38201 0.512667 1.242 -1.38861
0.0498686 0.45975 1.29676 -1.34797 0.48254 1.24552 -1.36611 0.411613 1.36234 -1.3651
0.0499799 0.453637 1.3007 -1.33819 0.476739 1.25523 -1.37378 0.441643 1.34282 -1.37813
0.0500026 0.44737 1.30419 -1.33158 0.461477 1.25393 -1.30692 0.383266 1.29169 -1.29444
0.0499828 0.434686 1.31191 -1.31841 0.456103 1.25485 -1.36741 0.420871 1.3022 -1.3836
0.0500457 0.428855 1.31575 -1.30931 0.43987 1.27984 -1.341 0.357465 1.43593 -1.3376
0.0499619 0.422501 1.31994 -1.30534 0.426321 1.28319 -1.23752 0.354252 1.34089 -1.21681
0.0499507 0.415433 1.3234 -1.29458 0.419657 1.28661 -1.355 0.376286 1.34408 -1.38394
0.05002 0.401083 1.32968 -1.27537 0.40824 1.28269 -1.19919 0.345705 1.30843 -1.16681
0.0500077 0.394049 1.33409 -1.26833 0.407491 1.2639 -1.30292 0.388768 1.22144 -1.32882
0.0499733 0.386823 1.33795 -1.25974 0.397108 1.27365 -1.24006 0.337722 1.3613 -1.2286
0.0499996 0.379374 1.34138 -1.24738 0.413202 1.2945 -1.22217 0.470788 1.43265 -1.22117
0.0499737 0.365693 1.34881 -1.2332 0.400904 1.32178 -1.2256 0.329514 1.48904 -1.22914
0.0501633 0.359054 1.35183 -1.21986 0.393495 1.325 -1.25145 0.344175 1.38478 -1.26005
0.04986 0.352756 1.35477 -1.2125 0.400121 1.31905 -1.26472 0.415383 1.3374 -1.2706
0.0499751 0.346249 1.35879 -1.20452 0.407017 1.31231 -1.25585 0.424457 1.32537 -1.25665
0.0500298 0.332434 1.36578 -1.18861 0.396351 1.31721 -1.18723 0.333448 1.38271 -1.17448
0.0500118 0.325654 1.36894 -1.18254 0.387476 1.30841 -1.17979 0.330833 1.30979 -1.18065
0.0499224 0.318789 1.37167 -1.17316 0.377384 1.30134 -1.19856 0.315186 1.31042 -1.2053
0.0500327 0.311691 1.37463 -1.16871 0.368065 1.29598 -1.12109 0.309239 1.31285 -1.10626
0.050011 0.297909 1.38014 -1.15179 0.354638 1.29457 -1.10403 0.274336 1.32874 -1.10277
0.050029 0.290793 1.38402 -1.14581 0.338717 1.30545 -1.12631 0.247166 1.39428 -1.13385
0.0499116 0.282962 1.38762 -1.1361 0.336106 1.316 -1.09183 0.305148 1.40343 -1.08676
0.0499945 0.275089 1.39068 -1.12658 0.33525 1.30928 -1.10071 0.311144 1.31832 -1.10532
0.0500214 0.267273 1.3939 -1.11742 0.333574 1.32866 -1.07798 0.305252 1.45682 -1.07568
0.0499693 0.252749 1.39855 -1.09782 0.321285 1.33119 -1.01847 0.243608 1.38287 -1.00777
0.0500283 0.245826 1.40101 -1.08779 0.307579 1.33614 -1.13042 0.222443 1.39856 -1.1582
0.0499947 0.238414 1.40372 -1.08157 0.29747 1.33694 -1.06402 0.23172 1.38186 -1.05179
0.0499988 0.223895 1.40885 -1.0754 0.301004 1.33891 -1.03593 0.294767 1.38752 -1.0324
0.0500597 0.216049 1.4106 -1.0701 0.27944 1.34212 -1.08215 0.159471 1.39573 -1.09504
0.0498981 0.208325 1.41208 -1.06167 0.276402 1.34899 -1.10633 0.241869 1.41992 -1.11445
0.0500156 0.201339 1.41433 -1.05276 0.269889 1.3449 -1.06061 0.219993 1.36652 -1.05298
0.0500039 0.187768 1.41926 -1.03839 0.266669 1.35835 -1.06064 0.229977 1.45899 -1.06341
0.050049 0.181171 1.42116 -1.03342 0.250763 1.36197 -1.05483 0.157122 1.41734 -1.05607
0.049966 0.173378 1.42349 -1.02535 0.233613 1.36397 -0.992848 0.133692 1.41156 -0.981469
0.0499835 0.16654 1.42537 -1.01848 0.219292 1.37306 -1.0402 0.130671 1.45182 -1.05342
0.0499578 0.15277 1.42821 -1.0053 0.216177 1.38642 -0.992621 0.179231 1.48512 -0.984664
0.0500292 0.146121 1.4298 -0.997442 0.207778 1.39094 -0.986476 0.145478 1.44879 -0.987723
0.0500316 0.139301 1.43157 -0.989307 0.20414 1.3893 -0.985608 0.163184 1.41915 -0.988046
0.0499713 0.133011 1.43317 -0.974063 0.184824 1.37471 -0.909943 0.07243 1.34558 -0.895388
0.0499933 0.11808 1.43499 -0.958576 0.183958 1.38971 -0.976372 0.153254 1.49321 -0.994031
0.0500138 0.109929 1.43577 -0.949336 0.194884 1.38066 -0.925773 0.218645 1.37698 -0.91718
0.0499943 0.10163 1.43739 -0.939623 0.176795 1.38111 -1.02613 0.0686968 1.41998 -1.0512
0.0500188 0.093385 1.43905 -0.930203 0.147864 1.39185 -0.947948 -0.00683891 1.4787 -0.932914
0.049968 0.07733 1.44091 -0.911806 0.140122 1.38247 -0.870046 0.0781164 1.37661 -0.855171
0.0499891 0.069636 1.4422 -0.900826 0.133868 1.39518 -0.882126 0.0758501 1.48829 -0.887651
0.0501822 0.062008 1.44325 -0.891669 0.127454 1.38576 -0.883147 0.0690069 1.37922 -0.886047
0.0497951 0.054771 1.44393 -0.884035 0.115586 1.38244 -0.897662 0.0328312 1.40329 -0.903565
0.0499934 0.040912 1.44636 -0.868591 0.0992221 1.37739 -0.943593 -0.00333516 1.39144 -0.956515
0.0501196 0.034448 1.44722 -0.860301 0.075599 1.39268 -0.939318 -0.0578049 1.49866 -0.940972
0.0499029 0.026709 1.44794 -0.85439 0.0750504 1.38869 -0.813781 0.0450302 1.40642 -0.788301
0.0499657 0.019551 1.44851 -0.847812 0.065063 1.40579 -0.813709 -0.0107981 1.51581 -0.816419
0.0499741 0.003732 1.44941 -0.836504 0.0615502 1.3989 -0.889958 0.0160168 1.40038 -0.909628
0.0500483 -0.004221 1.44956 -0.829131 0.055741 1.40053 -0.842022 0.0015521 1.44185 -0.833869
0.0500043 -0.012251 1.45048 -0.819959 0.0428548 1.39681 -0.82207 -0.0449884 1.41303 -0.820127
0.0499595 -0.020222 1.45153 -0.812027 0.0749485 1.38868 -0.838386 0.190122 1.38449 -0.844891
0.050014 -0.036463 1.45286 -0.792156 0.0721202 1.39897 -0.788516 0.0289157 1.47875 -0.780082
0.0500263 -0.044397 1.45293 -0.78461 0.0704052 1.38766 -0.84005 0.0307456 1.36957 -0.854265
0.0499483 -0.052297 1.45264 -0.77637 0.0432962 1.40662 -0.847353 -0.109816 1.52672 -0.851663
0.0499713 -0.060366 1.45261 -0.764544 0.0506451 1.40841 -0.771851 0.0530141 1.45048 -0.757741
0.050009 -0.076186 1.45271 -0.74842 0.0261884 1.40001 -0.716733 -0.117582 1.39385 -0.706871
0.0500792 -0.083699 1.45254 -0.740834 0.00502428 1.39803 -0.83534 -0.12482 1.42064 -0.864558
0.0498829 -0.090883 1.45204 -0.733311 -0.000130633 1.40978 -0.663118 -0.0555303 1.49599 -0.627298
0.050081 -0.09798 1.4509 -0.728933 0.00195746 1.41403 -0.802202 -0.0239145 1.4627 -0.836204
0.0500006 -0.111591 1.44991 -0.714851 -0.00793968 1.42546 -0.68122 -0.0854158 1.50947 -0.656851
0.0500011 -0.117186 1.44939 -0.710373 -0.0229068 1.41493 -0.728768 -0.125329 1.39631 -0.741955
0.0499665 -0.123281 1.44877 -0.70759 -0.0239931 1.39876 -0.682022 -0.0628103 1.35552 -0.674112
0.0499782 -0.129428 1.44812 -0.704 -0.0396932 1.37718 -0.729378 -0.143459 1.30698 -0.74229
0.0499754 -0.14225 1.4478 -0.689312 -0.051677 1.38643 -0.709531 -0.137817 1.45676 -0.707632
0.0500011 -0.150461 1.4484 -0.681723 -0.0559324 1.39058 -0.693352 -0.106802 1.43642 -0.692222
0.0500007 -0.159717 1.44942 -0.673648 -0.0648174 1.39445 -0.586399 -0.138108 1.43834 -0.564919
0.0499999 -0.168052 1.44863 -0.66482 -0.0759411 1.40759 -0.68493 -0.160957 1.49129 -0.70961
0.0500104 -0.182941 1.4462 -0.646454 -0.0853298 1.41212 -0.614165 -0.161445 1.45937 -0.600848
0.0500111 -0.188315 1.4456 -0.63944 -0.106954 1.40154 -0.617096 -0.242181 1.38039 -0.620279
0.0499646 -0.192863 1.44546 -0.634019 -0.10854 1.40679 -0.595046 -0.153211 1.457 -0.592889
0.0499743 -0.198536 1.44457 -0.622367 -0.119328 1.40093 -0.640534 -0.205984 1.4008 -0.653384
0.0499969 -0.214644 1.44229 -0.605871 -0.133766 1.39762 -0.574037 -0.235463 1.40921 -0.561702
0.0500719 -0.223544 1.44128 -0.595638 -0.151067 1.40803 -0.610882 -0.266569 1.47975 -0.621812
0.049943 -0.232676 1.43956 -0.586001 -0.138491 1.41195 -0.610309 -0.118029 1.45525 -0.61296
0.0500143 -0.241525 1.43761 -0.576495 -0.147997 1.41047 -0.543899 -0.228751 1.42957 -0.531673
0.0499425 -0.258457 1.43288 -0.55629 -0.161469 1.39422 -0.663313 -0.260737 1.34551 -0.692608
0.0500342 -0.265892 1.43094 -0.547544 -0.169767 1.38656 -0.588613 -0.244758 1.38047 -0.574561
0.0500029 -0.273085 1.42993 -0.538599 -0.184463 1.38691 -0.525654 -0.290358 1.41426 -0.514264
0.0499581 -0.280629 1.42849 -0.532999 -0.204683 1.38486 -0.581565 -0.336448 1.39983 -0.596789
0.0500416 -0.296353 1.42421 -0.516798 -0.21636 1.40072 -0.536295 -0.307999 1.49754 -0.528988
0.0499994 -0.303952 1.42189 -0.510346 -0.225047 1.40392 -0.571773 -0.303775 1.44242 -0.582479
0.0499676 -0.311603 1.41958 -0.503165 -0.232922 1.40736 -0.495012 -0.307686 1.44737 -0.480546
0.0500107 -0.319274 1.41769 -0.49486 -0.238048 1.39673 -0.397272 -0.302234 1.36984 -0.377987
0.0499315 -0.335156 1.41442 -0.477844 -0.238663 1.39834 -0.469171 -0.283612 1.42425 -0.488074
0.0500643 -0.34387 1.41231 -0.468133 -0.262946 1.39429 -0.415661 -0.413775 1.39638 -0.406247
0.0499547 -0.352264 1.40975 -0.459284 -0.266354 1.37835 -0.418405 -0.32344 1.32485 -0.421586
0.0500614 -0.36009 1.40656 -0.447109 -0.265931 1.37945 -0.378941 -0.306145 1.40287 -0.372859
0.0499607 -0.375218 1.40124 -0.427088 -0.262476 1.37406 -0.388924 -0.289384 1.36688 -0.393874
0.0499984 -0.382574 1.39823 -0.422876 -0.269604 1.37607 -0.420299 -0.343563 1.4027 -0.430041
0.0500334 -0.389155 1.39395 -0.416617 -0.280872 1.36207 -0.428503 -0.372661 1.31731 -0.432847
0.0499162 -0.395907 1.38976 -0.409068 -0.310152 1.36039 -0.326417 -0.483648 1.37064 -0.306057
0.0500253 -0.410336 1.3841 -0.389327 -0.29806 1.34518 -0.449548 -0.285124 1.29192 -0.47973
0.0500286 -0.417598 1.3829 -0.376414 -0.314103 1.34673 -0.324825 -0.427924 1.37245 -0.299509
0.050029 -0.424784 1.38294 -0.365765 -0.325696 1.35391 -0.282129 -0.421165 1.40058 -0.275297
0.0499961 -0.431321 1.381 -0.362628 -0.333148 1.36448 -0.323943 -0.411051 1.42563 -0.336175
0.0499234 -0.444131 1.37527 -0.350633 -0.337724 1.3698 -0.337641 -0.402047 1.40874 -0.343517
0.0500565 -0.451171 1.37248 -0.343218 -0.351293 1.36685 -0.259089 -0.456062 1.36809 -0.244135
0.0499626 -0.458796 1.36956 -0.337124 -0.374657 1.38011 -0.352867 -0.52251 1.45228 -0.376598
0.0500038 -0.466175 1.36601 -0.324459 -0.392962 1.3807 -0.291159 -0.517342 1.3982 -0.279907
0.0499798 -0.480319 1.35953 -0.308649 -0.392577 1.37147 -0.306949 -0.432986 1.34268 -0.313044
0.0500882 -0.48693 1.35613 -0.30167 -0.40603 1.35805 -0.270123 -0.509504 1.31067 -0.264362
0.0499309 -0.493543 1.35244 -0.294284 -0.412838 1.3434 -0.290038 -0.486861 1.28949 -0.297031
0.0500448 -0.500275 1.34905 -0.284791 -0.424749 1.34841 -0.305112 -0.521538 1.38414 -0.311197
0.0499305 -0.51465 1.34206 -0.269131 -0.433201 1.34768 -0.308698 -0.514066 1.35797 -0.312151
0.0500206 -0.52198 1.33795 -0.260561 -0.446103 1.35936 -0.292423 -0.547852 1.42595 -0.291578
0.0499986 -0.529475 1.33393 -0.249464 -0.460942 1.35094 -0.309191 -0.571958 1.32642 -0.315572
0.0499488 -0.536603 1.33032 -0.242291 -0.47227 1.34813 -0.288667 -0.567249 1.34934 -0.286749
0.0500422 -0.549025 1.32336 -0.226796 -0.47814 1.32674 -0.263391 -0.548763 1.24307 -0.260236
0.0499804 -0.554976 1.31986 -0.22163 -0.499676 1.31423 -0.288597 -0.641104 1.26999 -0.296798
0.0500104 -0.561555 1.31598 -0.214559 -0.513287 1.3063 -0.246723 -0.618325 1.2831 -0.239922
0.0499816 -0.568184 1.31183 -0.205614 -0.531548 1.30418 -0.188525 -0.657917 1.30515 -0.178099
0.0499541 -0.58069 1.30168 -0.19494 -0.5349 1.28952 -0.178857 -0.594226 1.23175 -0.179225
0.0500457 -0.586732 1.29615 -0.186265 -0.508111 1.28843 -0.23988 -0.432225 1.29242 -0.256378
0.0499747 -0.592961 1.29181 -0.180589 -0.505142 1.2854 -0.114913 -0.537215 1.28163 -0.0896516
0.0499881 -0.599657 1.28741 -0.172732 -0.520943 1.29503 -0.0906372 -0.638747 1.34382 -0.0880664
0.0499603 -0.606694 1.28294 -0.162805 -0.541806 1.29586 -0.2071 -0.682462 1.30511 -0.236001
0.0500565 -0.621754 1.27373 -0.146502 -0.55623 1.29515 -0.144815 -0.666804 1.30097 -0.133579
0.0499982 -0.62831 1.26934 -0.13652 -0.556203 1.29396 -0.0843882 -0.602943 1.29492 -0.0736558
0.0500406 -0.634115 1.26475 -0.129163 -0.568763 1.30577 -0.121631 -0.672485 1.36363 -0.132925
0.0499165 -0.645521 1.25558 -0.110434 -0.569684 1.2739 -0.130783 -0.62043 1.13583 -0.1353
0.0500409 -0.651626 1.25111 -0.101867 -0.579377 1.26015 -0.0948486 -0.669052 1.20384 -0.0893958
0.0500199 -0.657974 1.24631 -0.0936255 -0.580045 1.24864 -0.0911165 -0.627887 1.20095 -0.0928564
0.0499654 -0.663885 1.24145 -0.0859202 -0.581681 1.24372 -0.0728861 -0.633895 1.22553 -0.071441
0.0499556 -0.674568 1.23178 -0.0720061 -0.56966 1.24649 -0.15924 -0.560059 1.26323 -0.181345
0.050055 -0.679766 1.22669 -0.0648664 -0.584114 1.24421 -0.0865996 -0.6941 1.24046 -0.0729639
0.0499694 -0.685374 1.22223 -0.0542239 -0.595808 1.22872 -0.080535 -0.693084 1.16266 -0.0816703
0.0500256 -0.691247 1.21798 -0.0490424 -0.60215 1.2441 -0.0617741 -0.675083 1.31712 -0.0603816
0.0500648 -0.697299 1.21355 -0.0411514 -0.6194 1.22286 0.034043 -0.741812 1.1288 0.0531068
0.0497946 -0.708803 1.20475 -0.0270374 -0.647561 1.22249 -0.0705997 -0.819145 1.22046 -0.0967192
0.0500303 -0.713981 1.19992 -0.0233625 -0.650449 1.23098 -0.0857762 -0.707766 1.27272 -0.0919293
0.0499993 -0.719154 1.19493 -0.0167579 -0.646184 1.24144 -0.0105325 -0.671346 1.29193 0.00355817
0.0499712 -0.729268 1.18583 -0.00150222 -0.651372 1.21442 -0.0315544 -0.719373 1.09312 -0.038654
0.0500192 -0.734518 1.1811 0.00739303 -0.645734 1.20276 0.05531 -0.665031 1.15075 0.0722278
0.0500094 -0.739671 1.17563 0.0146948 -0.648206 1.21267 0.0670318 -0.703682 1.25498 0.0668979
0.0500008 -0.745207 1.16943 0.0221836 -0.646951 1.21295 -0.03864 -0.685361 1.21239 -0.0649892
0.0499553 -0.756004 1.15682 0.0416456 -0.656592 1.20828 0.033641 -0.744274 1.18831 0.0472599
0.0500864 -0.761469 1.15101 0.0504905 -0.658021 1.19113 0.0997701 -0.710004 1.11155 0.112055
0.0499236 -0.767167 1.14543 0.0570081 -0.655969 1.1875 0.103173 -0.692774 1.16662 0.101202
0.0499777 -0.772009 1.13942 0.0664265 -0.680686 1.17506 0.0863138 -0.838675 1.11433 0.0798609
0.0499926 -0.782753 1.12758 0.0862898 -0.696845 1.18182 0.0115204 -0.816237 1.20923 -0.00812621
0.0500424 -0.787893 1.12185 0.096213 -0.698606 1.18429 0.0776841 -0.753202 1.19437 0.0896987
0.0501292 -0.792484 1.11664 0.105113 -0.70158 1.19444 0.110987 -0.761834 1.23647 0.115528
0.0502307 -0.797156 1.11188 0.113626 -0.715431 1.18013 0.139673 -0.824176 1.11015 0.143468
0.0495634 -0.806326 1.10104 0.126106 -0.726974 1.16341 0.114437 -0.824574 1.08187 0.106197
0.0501951 -0.811064 1.09531 0.133288 -0.719371 1.16282 0.06258 -0.729715 1.15562 0.0482674
0.0498511 -0.815862 1.08952 0.139605 -0.727979 1.15056 0.184363 -0.810539 1.09142 0.209174
0.0499894 -0.820872 1.08352 0.14451 -0.750863 1.13958 0.0818541 -0.897961 1.0829 0.0562915
0.0499675 -0.830085 1.06982 0.160223 -0.744071 1.12754 0.180878 -0.757206 1.0687 0.200576
0.0500386 -0.835631 1.06388 0.167253 -0.748758 1.10801 0.102521 -0.814675 1.01247 0.0824285
0.05 -0.840946 1.05803 0.176295 -0.748201 1.09266 0.171094 -0.78997 1.01821 0.183963
0.0499568 -0.846161 1.05175 0.185957 -0.751494 1.09404 0.145185 -0.811001 1.09294 0.136643
0.0499785 -0.854367 1.03864 0.204746 -0.751535 1.08015 0.229249 -0.796385 1.01017 0.245539
0.0501845 -0.858659 1.03203 0.214309 -0.751613 1.06683 0.206092 -0.796501 0.996572 0.198302
0.0498434 -0.863147 1.0253 0.222466 -0.77508 1.05043 0.165475 -0.925986 0.967517 0.153753
0.050018 -0.867374 1.01905 0.231173 -0.791021 1.05762 0.242655 -0.909018 1.08177 0.257063
0.0499622 -0.875102 1.00675 0.246091 -0.79318 1.05527 0.238736 -0.848194 1.03359 0.235085
0.0499932 -0.878616 1.00074 0.253941 -0.801506 1.03927 0.236793 -0.884075 0.95621 0.233739
0.0500328 -0.881806 0.994345 0.258291 -0.80195 1.02248 0.234752 -0.848249 0.93607 0.231741
0.0500184 -0.885159 0.987947 0.26528 -0.821663 1.02747 0.26192 -0.954403 1.03941 0.265226
0.0499524 -0.893792 0.975454 0.281319 -0.823012 1.01357 0.240519 -0.872445 0.939471 0.233174
0.0500132 -0.897954 0.969094 0.286722 -0.837429 1.025 0.234461 -0.945545 1.0663 0.230304
0.049988 -0.901807 0.96333 0.293803 -0.829643 1.01416 0.269275 -0.837059 0.95479 0.274581
0.0499734 -0.905722 0.957172 0.300465 -0.842598 1.00377 0.284662 -0.943726 0.945006 0.285539
0.0499837 -0.912043 0.944432 0.314457 -0.85774 0.985781 0.333083 -0.968511 0.891757 0.341436
0.0500661 -0.915536 0.938282 0.323755 -0.864322 0.98437 0.328625 -0.936546 0.963473 0.324928
0.0499556 -0.919012 0.931948 0.330516 -0.870297 0.979629 0.308907 -0.939372 0.94418 0.301855
0.0499902 -0.922121 0.925261 0.337129 -0.879704 0.972595 0.321935 -0.964511 0.927301 0.322238
0.0499569 -0.928344 0.910811 0.356259 -0.880089 0.963777 0.318457 -0.923921 0.910046 0.315107
0.0501046 -0.930838 0.903506 0.364995 -0.88387 0.959889 0.395688 -0.943635 0.927582 0.410331
0.0499192 -0.933814 0.896234 0.373962 -0.885608 0.945835 0.319897 -0.935925 0.865532 0.300296
0.049988 -0.937526 0.889112 0.384218 -0.87459 0.934638 0.450256 -0.867973 0.868513 0.476895
0.049979 -0.943859 0.873131 0.402778 -0.886436 0.935645 0.429165 -0.981499 0.920497 0.42162
0.0500284 -0.946911 0.865562 0.413047 -0.891745 0.923061 0.405178 -0.958141 0.847196 0.397116
0.050001 -0.949798 0.858905 0.42107 -0.892326 0.932871 0.485406 -0.937495 0.958212 0.500505
0.0500156 -0.95264 0.85253 0.430169 -0.898121 0.912357 0.378771 -0.965969 0.799047 0.352243
0.0499546 -0.958415 0.839618 0.444377 -0.910617 0.896238 0.371229 -1.01031 0.806404 0.366868
0.0500482 -0.961299 0.832635 0.452001 -0.916504 0.881041 0.465164 -0.984879 0.795252 0.483659
0.0499813 -0.964016 0.825382 0.459605 -0.924631 0.884002 0.470822 -1.00123 0.877439 0.469356
0.0499665 -0.966667 0.818124 0.466729 -0.931438 0.877853 0.472062 -1.0028 0.829528 0.469642
0.049981 -0.971206 0.804059 0.478119 -0.932247 0.864179 0.520724 -0.976268 0.781383 0.529039
0.0500671 -0.973421 0.79628 0.485675 -0.915931 0.834988 0.487618 -0.88231 0.680605 0.477798
0.0499482 -0.976126 0.788728 0.494784 -0.92077 0.821112 0.527664 -0.982306 0.73707 0.534055
0.0500507 -0.979421 0.781208 0.502686 -0.91806 0.825391 0.545505 -0.944699 0.821999 0.54678
0.0500337 -0.985288 0.764851 0.52223 -0.917439 0.825343 0.469275 -0.953591 0.802488 0.449479
0.049916 -0.986576 0.756716 0.531598 -0.929047 0.812625 0.466882 -1.02214 0.734702 0.463686
0.0499953 -0.988353 0.748666 0.541034 -0.930799 0.800545 0.591615 -0.979266 0.724274 0.616946
0.0500003 -0.990758 0.740836 0.551421 -0.944938 0.793953 0.486156 -1.04766 0.739484 0.459726
0.0499534 -0.994475 0.726161 0.567789 -0.923705 0.763316 0.559657 -0.868025 0.602925 0.573792
0.0500458 -0.996227 0.71885 0.574989 -0.939535 0.772503 0.564996 -1.04992 0.78976 0.563277
0.0499672 -0.997767 0.711263 0.582 -0.920785 0.760633 0.58409 -0.874547 0.682523 0.585851
0.0500107 -0.998899 0.703871 0.587336 -0.920165 0.757053 0.602031 -0.95528 0.715744 0.603365
0.0499579 -1.00173 0.689337 0.604315 -0.923539 0.760904 0.60392 -0.976296 0.752656 0.601565
0.0500286 -1.00376 0.682578 0.613256 -0.943414 0.730066 0.557452 -1.07099 0.565363 0.544466
0.0500068 -1.00565 0.675805 0.617041 -0.953908 0.712469 0.574331 -1.03961 0.609034 0.575514
0.0500152 -1.00742 0.669181 0.624167 -0.960724 0.713681 0.595937 -1.02893 0.694839 0.598061
0.0499394 -1.00988 0.654886 0.634875 -0.956172 0.690804 0.609642 -0.972483 0.562401 0.610273
0.0500557 -1.01093 0.6474 0.643357 -0.941702 0.689743 0.698352 -0.911498 0.65949 0.715736
0.0499938 -1.01232 0.640234 0.652758 -0.946613 0.685557 0.697648 -1.00235 0.638643 0.694875
0.0499718 -1.01372 0.633055 0.660462 -0.957759 0.673942 0.673761 -1.04186 0.59362 0.665805
0.0499764 -1.01453 0.625503 0.668297 -0.970625 0.676199 0.708366 -1.06278 0.658971 0.71341
0.0500168 -1.01565 0.610021 0.683603 -0.96213 0.679514 0.682437 -0.957445 0.666088 0.674007
0.05001 -1.01587 0.602155 0.690836 -0.965865 0.675405 0.75884 -1.01715 0.628075 0.773298
0.0499851 -1.01622 0.59391 0.700652 -0.976922 0.680466 0.735758 -1.0603 0.672138 0.727722
0.049944 -1.01799 0.577516 0.718565 -0.98364 0.675022 0.755303 -1.04783 0.619693 0.756944
0.0502597 -1.01792 0.56942 0.729336 -0.977753 0.667411 0.780508 -0.985675 0.600343 0.783418
0.0497808 -1.01831 0.561734 0.737743 -0.972375 0.658573 0.708437 -0.982304 0.585966 0.689548
0.0500087 -1.01892 0.554642 0.746624 -0.959879 0.638554 0.690382 -0.939729 0.5174 0.683743
0.0499274 -1.02029 0.54034 0.762043 -0.953542 0.629656 0.788939 -0.960934 0.558559 0.808323
0.050085 -1.02095 0.532865 0.76969 -0.967838 0.630059 0.76944 -1.0648 0.599734 0.762225
0.0500129 -1.02111 0.525443 0.776998 -0.967969 0.604237 0.708678 -1.00132 0.456818 0.692558
0.0499909 -1.0212 0.518334 0.781904 -0.983858 0.590438 0.762938 -1.08949 0.498537 0.772422
0.0499837 -1.02175 0.504195 0.796034 -0.981341 0.57765 0.773786 -1.00238 0.488899 0.773651
0.0499706 -1.0216 0.496855 0.80209 -0.972051 0.572485 0.783094 -0.961613 0.518362 0.782645
0.0500126 -1.02108 0.488783 0.80767 -0.960987 0.56733 0.85055 -0.942036 0.51239 0.86314
0.0499772 -1.02115 0.480283 0.819054 -0.965186 0.561285 0.812741 -1.01378 0.500941 0.801613
0.0499667 -1.02239 0.463543 0.836695 -0.97194 0.538144 0.759283 -1.03347 0.401726 0.744749
0.0504633 -1.02199 0.455894 0.847055 -0.957657 0.512374 0.807748 -0.926519 0.36372 0.816148
0.04955 -1.02104 0.448658 0.854294 -0.945824 0.515224 0.833574 -0.923981 0.494839 0.836682
0.0500167 -1.02029 0.441224 0.864041 -0.940622 0.501231 0.884156 -0.948208 0.403198 0.892853
0.0499488 -1.0196 0.425561 0.881535 -0.951506 0.502839 0.812522 -1.03087 0.474614 0.793561
0.0500798 -1.01897 0.417253 0.891042 -0.977231 0.488063 0.899985 -1.12437 0.387588 0.916776
